,ATTENDANTS,ATTENDANTS.GAUNT,ATTENDANTS.HENRY,AbbotOfWestminster,Aumerle,Bagot,Berkeley,BishopOfCarlisle,Bushy,DuchessOfGloucester,DuchessOfYork,Exton,Fitzwater,Gardener,Gaunt,Green,Groom,HERALDS.1,HERALDS.2,HERALDS.X,HenryIV,Hotspur,Jailer,LADIES,LORDS,LORDS.1,LordMarshal,Mowbray,Northumberland,OFFICERS,OFFICERS.0,OFFICERS.0.1,Queen,RichardII,Ross,SERVANTS.EXTON,SERVANTS.GARDENER.1,SERVANTS.GARDENER.2,SERVANTS.YORK.1,SOLDIERS.HENRY,SOLDIERS.RICHARD,Salisbury,Scroop,Surrey,WelshCaptain,Willoughby,York
ATTENDANTS,0.0,0.0,0.0,0.0,0.0,0.0,0.0,0.0,0.0,0.0,0.0,0.0,0.0,0.0,211.0,0.0,0.0,0.0,0.0,0.0,191.0,0.0,0.0,0.0,211.0,0.0,0.0,191.0,0.0,0.0,0.0,0.0,0.0,211.0,0.0,0.0,0.0,0.0,0.0,0.0,0.0,0.0,0.0,0.0,0.0,0.0,0.0
ATTENDANTS.GAUNT,0.0,0.0,0.0,0.0,71.0,71.0,0.0,0.0,71.0,0.0,0.0,0.0,0.0,0.0,145.0,71.0,0.0,0.0,0.0,0.0,0.0,0.0,0.0,0.0,0.0,0.0,0.0,0.0,0.0,0.0,0.0,0.0,71.0,71.0,71.0,0.0,0.0,0.0,0.0,0.0,0.0,0.0,0.0,0.0,0.0,71.0,145.0
ATTENDANTS.HENRY,0.0,0.0,0.0,0.0,157.0,0.0,0.0,0.0,0.0,0.0,0.0,0.0,0.0,0.0,0.0,0.0,0.0,0.0,0.0,0.0,220.0,200.0,0.0,0.0,0.0,0.0,0.0,0.0,220.0,0.0,0.0,0.0,0.0,153.0,0.0,0.0,0.0,0.0,0.0,220.0,0.0,0.0,0.0,0.0,0.0,0.0,220.0
AbbotOfWestminster,0.0,0.0,0.0,0.0,347.0,332.0,0.0,347.0,0.0,0.0,0.0,0.0,333.0,0.0,0.0,0.0,0.0,0.0,0.0,333.0,333.0,333.0,0.0,0.0,0.0,333.0,0.0,0.0,333.0,333.0,330.0,61.0,0.0,162.0,0.0,0.0,0.0,0.0,0.0,0.0,0.0,0.0,0.0,333.0,0.0,0.0,218.0
Aumerle,0.0,71.0,157.0,347.0,0.0,556.0,0.0,573.0,171.0,0.0,157.0,0.0,333.0,0.0,381.0,224.0,0.0,248.0,229.0,333.0,912.0,496.0,0.0,0.0,254.0,333.0,316.0,205.0,569.0,581.0,330.0,278.0,158.0,1013.0,158.0,0.0,0.0,0.0,3.0,157.0,226.0,163.0,134.0,333.0,0.0,158.0,711.0
Bagot,0.0,71.0,0.0,332.0,556.0,0.0,0.0,332.0,328.0,0.0,0.0,0.0,332.0,0.0,71.0,340.0,0.0,0.0,0.0,332.0,332.0,332.0,0.0,0.0,0.0,332.0,0.0,0.0,411.0,332.0,330.0,47.0,287.0,386.0,158.0,0.0,0.0,0.0,24.0,0.0,0.0,0.0,0.0,332.0,0.0,158.0,420.0
Berkeley,0.0,0.0,0.0,0.0,0.0,0.0,0.0,0.0,0.0,0.0,0.0,0.0,0.0,0.0,0.0,0.0,0.0,0.0,0.0,0.0,105.0,105.0,0.0,0.0,0.0,0.0,0.0,0.0,105.0,0.0,0.0,0.0,0.0,0.0,105.0,0.0,0.0,0.0,0.0,0.0,0.0,0.0,0.0,0.0,0.0,105.0,92.0
BishopOfCarlisle,0.0,0.0,0.0,347.0,573.0,332.0,0.0,0.0,0.0,0.0,0.0,15.0,367.0,0.0,0.0,0.0,0.0,0.0,0.0,333.0,367.0,367.0,0.0,0.0,0.0,333.0,0.0,0.0,367.0,333.0,330.0,95.0,0.0,388.0,0.0,23.0,0.0,0.0,0.0,0.0,226.0,163.0,134.0,333.0,0.0,0.0,252.0
Bushy,0.0,71.0,0.0,0.0,171.0,328.0,0.0,0.0,0.0,0.0,0.0,0.0,0.0,0.0,71.0,324.0,0.0,0.0,0.0,0.0,37.0,0.0,0.0,0.0,37.0,0.0,0.0,0.0,116.0,0.0,0.0,0.0,287.0,171.0,158.0,0.0,0.0,0.0,24.0,0.0,0.0,0.0,0.0,0.0,0.0,158.0,239.0
DuchessOfGloucester,0.0,0.0,0.0,0.0,0.0,0.0,0.0,0.0,0.0,0.0,0.0,0.0,0.0,0.0,76.0,0.0,0.0,0.0,0.0,0.0,0.0,0.0,0.0,0.0,0.0,0.0,0.0,0.0,0.0,0.0,0.0,0.0,0.0,0.0,0.0,0.0,0.0,0.0,0.0,0.0,0.0,0.0,0.0,0.0,0.0,0.0,0.0
DuchessOfYork,0.0,0.0,0.0,0.0,157.0,0.0,0.0,0.0,0.0,0.0,0.0,0.0,0.0,0.0,0.0,0.0,0.0,0.0,0.0,0.0,71.0,0.0,0.0,0.0,0.0,0.0,0.0,0.0,0.0,0.0,0.0,200.0,0.0,0.0,0.0,0.0,0.0,0.0,3.0,0.0,0.0,0.0,0.0,0.0,0.0,0.0,193.0
Exton,0.0,0.0,0.0,0.0,0.0,0.0,0.0,15.0,0.0,0.0,0.0,0.0,15.0,0.0,0.0,0.0,0.0,0.0,0.0,0.0,15.0,15.0,15.0,0.0,0.0,0.0,0.0,0.0,15.0,0.0,0.0,42.0,0.0,15.0,0.0,42.0,0.0,0.0,0.0,0.0,0.0,0.0,0.0,0.0,0.0,0.0,15.0
Fitzwater,0.0,0.0,0.0,333.0,333.0,332.0,0.0,367.0,0.0,0.0,0.0,15.0,0.0,0.0,0.0,0.0,0.0,0.0,0.0,333.0,373.0,367.0,0.0,0.0,0.0,333.0,0.0,0.0,373.0,333.0,330.0,87.0,0.0,162.0,0.0,23.0,0.0,0.0,0.0,0.0,0.0,0.0,0.0,333.0,0.0,0.0,258.0
Gardener,0.0,0.0,0.0,0.0,0.0,0.0,0.0,0.0,0.0,0.0,0.0,0.0,0.0,0.0,0.0,0.0,0.0,0.0,0.0,0.0,0.0,0.0,0.0,82.0,0.0,0.0,0.0,0.0,0.0,0.0,0.0,0.0,82.0,0.0,0.0,0.0,88.0,88.0,0.0,0.0,0.0,0.0,0.0,0.0,0.0,0.0,0.0
Gaunt,211.0,145.0,0.0,0.0,381.0,71.0,0.0,0.0,71.0,76.0,0.0,0.0,0.0,0.0,0.0,71.0,0.0,248.0,229.0,0.0,482.0,0.0,0.0,0.0,459.0,0.0,310.0,396.0,0.0,248.0,0.0,0.0,71.0,530.0,71.0,0.0,0.0,0.0,0.0,0.0,0.0,0.0,0.0,0.0,0.0,71.0,145.0
Green,0.0,71.0,0.0,0.0,224.0,340.0,0.0,0.0,324.0,0.0,0.0,0.0,0.0,0.0,71.0,0.0,0.0,0.0,0.0,0.0,37.0,0.0,0.0,0.0,37.0,0.0,0.0,0.0,116.0,0.0,0.0,0.0,246.0,224.0,158.0,0.0,0.0,0.0,24.0,0.0,0.0,0.0,0.0,0.0,0.0,158.0,239.0
Groom,0.0,0.0,0.0,0.0,0.0,0.0,0.0,0.0,0.0,0.0,0.0,0.0,0.0,0.0,0.0,0.0,0.0,0.0,0.0,0.0,0.0,0.0,3.0,0.0,0.0,0.0,0.0,0.0,0.0,0.0,0.0,32.0,0.0,32.0,0.0,0.0,0.0,0.0,0.0,0.0,0.0,0.0,0.0,0.0,0.0,0.0,0.0
HERALDS.1,0.0,0.0,0.0,0.0,248.0,0.0,0.0,0.0,0.0,0.0,0.0,0.0,0.0,0.0,248.0,0.0,0.0,0.0,229.0,0.0,229.0,0.0,0.0,0.0,248.0,0.0,248.0,205.0,0.0,248.0,0.0,0.0,0.0,248.0,0.0,0.0,0.0,0.0,0.0,0.0,0.0,0.0,0.0,0.0,0.0,0.0,0.0
HERALDS.2,0.0,0.0,0.0,0.0,229.0,0.0,0.0,0.0,0.0,0.0,0.0,0.0,0.0,0.0,229.0,0.0,0.0,229.0,0.0,0.0,229.0,0.0,0.0,0.0,229.0,0.0,229.0,186.0,0.0,229.0,0.0,0.0,0.0,229.0,0.0,0.0,0.0,0.0,0.0,0.0,0.0,0.0,0.0,0.0,0.0,0.0,0.0
HERALDS.X,0.0,0.0,0.0,333.0,333.0,332.0,0.0,333.0,0.0,0.0,0.0,0.0,333.0,0.0,0.0,0.0,0.0,0.0,0.0,0.0,333.0,333.0,0.0,0.0,0.0,333.0,0.0,0.0,333.0,333.0,330.0,47.0,0.0,162.0,0.0,0.0,0.0,0.0,0.0,0.0,0.0,0.0,0.0,333.0,0.0,0.0,218.0
HenryIV,191.0,0.0,220.0,333.0,912.0,332.0,105.0,367.0,37.0,0.0,71.0,15.0,373.0,0.0,482.0,37.0,0.0,229.0,229.0,333.0,0.0,750.0,0.0,0.0,495.0,333.0,291.0,377.0,813.0,562.0,330.0,252.0,0.0,735.0,116.0,23.0,0.0,0.0,0.0,220.0,0.0,0.0,0.0,333.0,0.0,116.0,737.0
Hotspur,0.0,0.0,200.0,333.0,496.0,332.0,105.0,367.0,0.0,0.0,0.0,15.0,367.0,0.0,0.0,0.0,0.0,0.0,0.0,333.0,750.0,0.0,0.0,0.0,28.0,333.0,0.0,0.0,722.0,333.0,330.0,109.0,0.0,315.0,116.0,23.0,0.0,0.0,0.0,200.0,0.0,0.0,0.0,333.0,0.0,116.0,544.0
Jailer,0.0,0.0,0.0,0.0,0.0,0.0,0.0,0.0,0.0,0.0,0.0,15.0,0.0,0.0,0.0,0.0,3.0,0.0,0.0,0.0,0.0,0.0,0.0,0.0,0.0,0.0,0.0,0.0,0.0,0.0,0.0,26.0,0.0,26.0,0.0,15.0,0.0,0.0,0.0,0.0,0.0,0.0,0.0,0.0,0.0,0.0,0.0
LADIES,0.0,0.0,0.0,0.0,0.0,0.0,0.0,0.0,0.0,0.0,0.0,0.0,0.0,82.0,0.0,0.0,0.0,0.0,0.0,0.0,0.0,0.0,0.0,0.0,0.0,0.0,0.0,0.0,53.0,98.0,0.0,104.0,212.0,98.0,0.0,0.0,82.0,82.0,0.0,0.0,0.0,0.0,0.0,0.0,0.0,0.0,0.0
LORDS,211.0,0.0,0.0,0.0,254.0,0.0,0.0,0.0,37.0,0.0,0.0,0.0,0.0,0.0,459.0,37.0,0.0,248.0,229.0,0.0,495.0,28.0,0.0,0.0,0.0,0.0,248.0,396.0,37.0,248.0,0.0,28.0,0.0,459.0,0.0,0.0,0.0,0.0,0.0,0.0,0.0,0.0,0.0,0.0,0.0,0.0,47.0
LORDS.1,0.0,0.0,0.0,333.0,333.0,332.0,0.0,333.0,0.0,0.0,0.0,0.0,333.0,0.0,0.0,0.0,0.0,0.0,0.0,333.0,333.0,333.0,0.0,0.0,0.0,0.0,0.0,0.0,333.0,333.0,330.0,47.0,0.0,162.0,0.0,0.0,0.0,0.0,0.0,0.0,0.0,0.0,0.0,333.0,0.0,0.0,218.0
LordMarshal,0.0,0.0,0.0,0.0,316.0,0.0,0.0,0.0,0.0,0.0,0.0,0.0,0.0,0.0,310.0,0.0,0.0,248.0,229.0,0.0,291.0,0.0,0.0,0.0,248.0,0.0,0.0,205.0,0.0,248.0,0.0,0.0,0.0,248.0,0.0,0.0,0.0,0.0,0.0,0.0,0.0,0.0,0.0,0.0,0.0,0.0,0.0
Mowbray,191.0,0.0,0.0,0.0,205.0,0.0,0.0,0.0,0.0,0.0,0.0,0.0,0.0,0.0,396.0,0.0,0.0,205.0,186.0,0.0,377.0,0.0,0.0,0.0,396.0,0.0,205.0,0.0,0.0,205.0,0.0,0.0,0.0,396.0,0.0,0.0,0.0,0.0,0.0,0.0,0.0,0.0,0.0,0.0,0.0,0.0,0.0
Northumberland,0.0,0.0,220.0,333.0,569.0,411.0,105.0,367.0,116.0,0.0,0.0,15.0,373.0,0.0,0.0,116.0,0.0,0.0,0.0,333.0,813.0,722.0,0.0,53.0,37.0,333.0,0.0,0.0,0.0,386.0,330.0,148.0,132.0,447.0,274.0,23.0,0.0,0.0,0.0,220.0,0.0,0.0,0.0,333.0,0.0,274.0,685.0
OFFICERS,0.0,0.0,0.0,333.0,581.0,332.0,0.0,333.0,0.0,0.0,0.0,0.0,333.0,0.0,248.0,0.0,0.0,248.0,229.0,333.0,562.0,333.0,0.0,98.0,248.0,333.0,248.0,205.0,386.0,0.0,330.0,145.0,98.0,508.0,0.0,0.0,0.0,0.0,0.0,0.0,0.0,0.0,0.0,333.0,0.0,0.0,218.0
OFFICERS.0,0.0,0.0,0.0,330.0,330.0,330.0,0.0,330.0,0.0,0.0,0.0,0.0,330.0,0.0,0.0,0.0,0.0,0.0,0.0,330.0,330.0,330.0,0.0,0.0,0.0,330.0,0.0,0.0,330.0,330.0,0.0,45.0,0.0,162.0,0.0,0.0,0.0,0.0,0.0,0.0,0.0,0.0,0.0,330.0,0.0,0.0,216.0
OFFICERS.0.1,0.0,0.0,0.0,61.0,278.0,47.0,0.0,95.0,0.0,0.0,200.0,42.0,87.0,0.0,0.0,0.0,32.0,0.0,0.0,47.0,252.0,109.0,26.0,104.0,28.0,47.0,0.0,0.0,148.0,145.0,45.0,0.0,104.0,265.0,0.0,50.0,0.0,0.0,3.0,0.0,0.0,0.0,0.0,47.0,0.0,0.0,329.0
Queen,0.0,71.0,0.0,0.0,158.0,287.0,0.0,0.0,287.0,0.0,0.0,0.0,0.0,82.0,71.0,246.0,0.0,0.0,0.0,0.0,0.0,0.0,0.0,212.0,0.0,0.0,0.0,0.0,132.0,98.0,0.0,104.0,0.0,256.0,158.0,0.0,82.0,82.0,24.0,0.0,0.0,0.0,0.0,0.0,0.0,158.0,202.0
RichardII,211.0,71.0,153.0,162.0,1013.0,386.0,0.0,388.0,171.0,0.0,0.0,15.0,162.0,0.0,530.0,224.0,32.0,248.0,229.0,162.0,735.0,315.0,26.0,98.0,459.0,162.0,248.0,396.0,447.0,508.0,162.0,265.0,256.0,0.0,158.0,15.0,0.0,0.0,0.0,153.0,226.0,163.0,134.0,162.0,0.0,158.0,464.0
Ross,0.0,71.0,0.0,0.0,158.0,158.0,105.0,0.0,158.0,0.0,0.0,0.0,0.0,0.0,71.0,158.0,0.0,0.0,0.0,0.0,116.0,116.0,0.0,0.0,0.0,0.0,0.0,0.0,274.0,0.0,0.0,0.0,158.0,158.0,0.0,0.0,0.0,0.0,0.0,0.0,0.0,0.0,0.0,0.0,0.0,353.0,241.0
SERVANTS.EXTON,0.0,0.0,0.0,0.0,0.0,0.0,0.0,23.0,0.0,0.0,0.0,42.0,23.0,0.0,0.0,0.0,0.0,0.0,0.0,0.0,23.0,23.0,15.0,0.0,0.0,0.0,0.0,0.0,23.0,0.0,0.0,50.0,0.0,15.0,0.0,0.0,0.0,0.0,0.0,0.0,0.0,0.0,0.0,0.0,0.0,0.0,23.0
SERVANTS.GARDENER.1,0.0,0.0,0.0,0.0,0.0,0.0,0.0,0.0,0.0,0.0,0.0,0.0,0.0,88.0,0.0,0.0,0.0,0.0,0.0,0.0,0.0,0.0,0.0,82.0,0.0,0.0,0.0,0.0,0.0,0.0,0.0,0.0,82.0,0.0,0.0,0.0,0.0,88.0,0.0,0.0,0.0,0.0,0.0,0.0,0.0,0.0,0.0
SERVANTS.GARDENER.2,0.0,0.0,0.0,0.0,0.0,0.0,0.0,0.0,0.0,0.0,0.0,0.0,0.0,88.0,0.0,0.0,0.0,0.0,0.0,0.0,0.0,0.0,0.0,82.0,0.0,0.0,0.0,0.0,0.0,0.0,0.0,0.0,82.0,0.0,0.0,0.0,88.0,0.0,0.0,0.0,0.0,0.0,0.0,0.0,0.0,0.0,0.0
SERVANTS.YORK.1,0.0,0.0,0.0,0.0,3.0,24.0,0.0,0.0,24.0,0.0,3.0,0.0,0.0,0.0,0.0,24.0,0.0,0.0,0.0,0.0,0.0,0.0,0.0,0.0,0.0,0.0,0.0,0.0,0.0,0.0,0.0,3.0,24.0,0.0,0.0,0.0,0.0,0.0,0.0,0.0,0.0,0.0,0.0,0.0,0.0,0.0,27.0
SOLDIERS.HENRY,0.0,0.0,220.0,0.0,157.0,0.0,0.0,0.0,0.0,0.0,0.0,0.0,0.0,0.0,0.0,0.0,0.0,0.0,0.0,0.0,220.0,200.0,0.0,0.0,0.0,0.0,0.0,0.0,220.0,0.0,0.0,0.0,0.0,153.0,0.0,0.0,0.0,0.0,0.0,0.0,0.0,0.0,0.0,0.0,0.0,0.0,220.0
SOLDIERS.RICHARD,0.0,0.0,0.0,0.0,226.0,0.0,0.0,226.0,0.0,0.0,0.0,0.0,0.0,0.0,0.0,0.0,0.0,0.0,0.0,0.0,0.0,0.0,0.0,0.0,0.0,0.0,0.0,0.0,0.0,0.0,0.0,0.0,0.0,226.0,0.0,0.0,0.0,0.0,0.0,0.0,0.0,163.0,134.0,0.0,0.0,0.0,0.0
Salisbury,0.0,0.0,0.0,0.0,163.0,0.0,0.0,163.0,0.0,0.0,0.0,0.0,0.0,0.0,0.0,0.0,0.0,0.0,0.0,0.0,0.0,0.0,0.0,0.0,0.0,0.0,0.0,0.0,0.0,0.0,0.0,0.0,0.0,163.0,0.0,0.0,0.0,0.0,0.0,0.0,163.0,0.0,134.0,0.0,17.0,0.0,0.0
Scroop,0.0,0.0,0.0,0.0,134.0,0.0,0.0,134.0,0.0,0.0,0.0,0.0,0.0,0.0,0.0,0.0,0.0,0.0,0.0,0.0,0.0,0.0,0.0,0.0,0.0,0.0,0.0,0.0,0.0,0.0,0.0,0.0,0.0,134.0,0.0,0.0,0.0,0.0,0.0,0.0,134.0,134.0,0.0,0.0,0.0,0.0,0.0
Surrey,0.0,0.0,0.0,333.0,333.0,332.0,0.0,333.0,0.0,0.0,0.0,0.0,333.0,0.0,0.0,0.0,0.0,0.0,0.0,333.0,333.0,333.0,0.0,0.0,0.0,333.0,0.0,0.0,333.0,333.0,330.0,47.0,0.0,162.0,0.0,0.0,0.0,0.0,0.0,0.0,0.0,0.0,0.0,0.0,0.0,0.0,218.0
WelshCaptain,0.0,0.0,0.0,0.0,0.0,0.0,0.0,0.0,0.0,0.0,0.0,0.0,0.0,0.0,0.0,0.0,0.0,0.0,0.0,0.0,0.0,0.0,0.0,0.0,0.0,0.0,0.0,0.0,0.0,0.0,0.0,0.0,0.0,0.0,0.0,0.0,0.0,0.0,0.0,0.0,0.0,17.0,0.0,0.0,0.0,0.0,0.0
Willoughby,0.0,71.0,0.0,0.0,158.0,158.0,105.0,0.0,158.0,0.0,0.0,0.0,0.0,0.0,71.0,158.0,0.0,0.0,0.0,0.0,116.0,116.0,0.0,0.0,0.0,0.0,0.0,0.0,274.0,0.0,0.0,0.0,158.0,158.0,353.0,0.0,0.0,0.0,0.0,0.0,0.0,0.0,0.0,0.0,0.0,0.0,241.0
York,0.0,145.0,220.0,218.0,711.0,420.0,92.0,252.0,239.0,0.0,193.0,15.0,258.0,0.0,145.0,239.0,0.0,0.0,0.0,218.0,737.0,544.0,0.0,0.0,47.0,218.0,0.0,0.0,685.0,218.0,216.0,329.0,202.0,464.0,241.0,23.0,0.0,0.0,27.0,220.0,0.0,0.0,0.0,218.0,0.0,241.0,0.0
