,Baptista,Bianca,Biondello,Curtis,Gremio,Grumio,HUNTSMEN,Haberdasher,Hortensio,Hostess,Katherine,Lord,Lucentio,Merchant,Messenger,Officer,PLAYERS,Page,Petruchio,SERVANTS,SERVANTS.BAPTISTA,SERVANTS.BAPTISTA.1,SERVANTS.LORD,SERVANTS.LORD.0,SERVANTS.LORD.0.1,SERVANTS.PETRUCHIO,SERVANTS.PETRUCHIO.0.2,SERVANTS.PETRUCHIO.Joseph,SERVANTS.PETRUCHIO.Nathaniel,SERVANTS.PETRUCHIO.Nicholas,SERVANTS.PETRUCHIO.Peter,SERVANTS.PETRUCHIO.Phillip,Sly,Tailor,Tranio,Vincentio,Widow
Baptista,0.0,419.0,492.0,0.0,810.0,285.0,0.0,0.0,444.0,0.0,419.0,884.0,624.0,310.0,0.0,47.0,0.0,884.0,567.0,206.0,282.0,3.0,884.0,884.0,0.0,77.0,338.0,0.0,0.0,0.0,0.0,0.0,884.0,0.0,837.0,282.0,125.0
Bianca,419.0,0.0,245.0,0.0,414.0,183.0,0.0,0.0,376.0,0.0,323.0,605.0,572.0,127.0,0.0,32.0,0.0,605.0,256.0,125.0,235.0,5.0,605.0,605.0,0.0,32.0,230.0,0.0,0.0,0.0,0.0,0.0,605.0,0.0,449.0,154.0,125.0
Biondello,492.0,245.0,0.0,0.0,528.0,227.0,0.0,0.0,371.0,0.0,149.0,724.0,577.0,319.0,0.0,2.0,0.0,724.0,459.0,200.0,102.0,3.0,724.0,724.0,0.0,19.0,390.0,0.0,0.0,0.0,0.0,0.0,724.0,0.0,667.0,219.0,125.0
Curtis,0.0,0.0,0.0,0.0,0.0,128.0,0.0,0.0,0.0,0.0,21.0,128.0,0.0,0.0,0.0,0.0,0.0,128.0,21.0,0.0,0.0,0.0,128.0,128.0,0.0,0.0,7.0,34.0,41.0,34.0,41.0,34.0,128.0,0.0,0.0,0.0,0.0
Gremio,810.0,414.0,528.0,0.0,0.0,492.0,0.0,0.0,636.0,0.0,464.0,1109.0,808.0,255.0,0.0,51.0,0.0,1109.0,774.0,206.0,282.0,3.0,1109.0,1109.0,0.0,136.0,350.0,0.0,0.0,0.0,0.0,0.0,1109.0,0.0,933.0,337.0,125.0
Grumio,285.0,183.0,227.0,128.0,492.0,0.0,0.0,25.0,603.0,0.0,483.0,988.0,388.0,156.0,0.0,63.0,0.0,988.0,833.0,107.0,178.0,0.0,988.0,988.0,0.0,148.0,467.0,34.0,43.0,34.0,43.0,34.0,988.0,111.0,324.0,238.0,50.0
HUNTSMEN,0.0,0.0,0.0,0.0,0.0,0.0,0.0,0.0,0.0,0.0,0.0,61.0,0.0,0.0,0.0,0.0,0.0,0.0,0.0,0.0,0.0,0.0,61.0,0.0,0.0,0.0,0.0,0.0,0.0,0.0,0.0,0.0,61.0,0.0,0.0,0.0,0.0
Haberdasher,0.0,0.0,0.0,0.0,0.0,25.0,0.0,0.0,25.0,0.0,25.0,25.0,0.0,0.0,0.0,0.0,0.0,25.0,25.0,0.0,0.0,0.0,25.0,25.0,0.0,0.0,25.0,0.0,0.0,0.0,0.0,0.0,25.0,25.0,0.0,0.0,0.0
Hortensio,444.0,376.0,371.0,0.0,636.0,603.0,0.0,25.0,0.0,0.0,501.0,1145.0,735.0,206.0,0.0,0.0,0.0,1145.0,885.0,206.0,76.0,8.0,1145.0,1145.0,0.0,81.0,501.0,0.0,0.0,0.0,0.0,0.0,1145.0,111.0,598.0,258.0,125.0
Hostess,0.0,0.0,0.0,0.0,0.0,0.0,0.0,0.0,0.0,0.0,0.0,0.0,0.0,0.0,0.0,0.0,0.0,0.0,0.0,0.0,0.0,0.0,0.0,0.0,0.0,0.0,0.0,0.0,0.0,0.0,0.0,0.0,12.0,0.0,0.0,0.0,0.0
Katherine,419.0,323.0,149.0,21.0,464.0,483.0,0.0,25.0,501.0,0.0,0.0,970.0,310.0,179.0,0.0,63.0,0.0,970.0,809.0,130.0,164.0,0.0,970.0,970.0,0.0,260.0,595.0,21.0,21.0,21.0,52.0,21.0,970.0,111.0,377.0,313.0,123.0
Lord,884.0,605.0,724.0,128.0,1109.0,988.0,61.0,25.0,1145.0,0.0,970.0,0.0,1230.0,380.0,10.0,63.0,26.0,2487.0,1383.0,206.0,282.0,8.0,2716.0,2487.0,30.0,260.0,952.0,34.0,43.0,34.0,74.0,34.0,2648.0,111.0,1317.0,389.0,125.0
Lucentio,624.0,572.0,577.0,0.0,808.0,388.0,0.0,0.0,735.0,0.0,310.0,1230.0,0.0,257.0,0.0,32.0,0.0,1230.0,561.0,206.0,235.0,8.0,1230.0,1230.0,0.0,32.0,398.0,0.0,0.0,0.0,0.0,0.0,1230.0,0.0,988.0,235.0,125.0
Merchant,310.0,127.0,319.0,0.0,255.0,156.0,0.0,0.0,206.0,0.0,179.0,380.0,257.0,0.0,0.0,19.0,0.0,380.0,253.0,206.0,49.0,0.0,380.0,380.0,0.0,49.0,380.0,0.0,0.0,0.0,0.0,0.0,380.0,0.0,380.0,255.0,125.0
Messenger,0.0,0.0,0.0,0.0,0.0,0.0,0.0,0.0,0.0,0.0,0.0,10.0,0.0,0.0,0.0,0.0,0.0,10.0,0.0,0.0,0.0,0.0,10.0,10.0,0.0,0.0,0.0,0.0,0.0,0.0,0.0,0.0,10.0,0.0,0.0,0.0,0.0
Officer,47.0,32.0,2.0,0.0,51.0,63.0,0.0,0.0,0.0,0.0,63.0,63.0,32.0,19.0,0.0,0.0,0.0,63.0,63.0,0.0,47.0,0.0,63.0,63.0,0.0,63.0,63.0,0.0,0.0,0.0,0.0,0.0,63.0,0.0,19.0,46.0,0.0
PLAYERS,0.0,0.0,0.0,0.0,0.0,0.0,0.0,0.0,0.0,0.0,0.0,26.0,0.0,0.0,0.0,0.0,0.0,0.0,0.0,0.0,0.0,0.0,26.0,0.0,26.0,0.0,0.0,0.0,0.0,0.0,0.0,0.0,0.0,0.0,0.0,0.0,0.0
Page,884.0,605.0,724.0,128.0,1109.0,988.0,0.0,25.0,1145.0,0.0,970.0,2487.0,1230.0,380.0,10.0,63.0,0.0,0.0,1383.0,206.0,282.0,8.0,2487.0,2487.0,0.0,260.0,952.0,34.0,43.0,34.0,74.0,34.0,2487.0,111.0,1317.0,389.0,125.0
Petruchio,567.0,256.0,459.0,21.0,774.0,833.0,0.0,25.0,885.0,0.0,809.0,1383.0,561.0,253.0,0.0,63.0,0.0,1383.0,0.0,204.0,178.0,3.0,1383.0,1383.0,0.0,260.0,658.0,21.0,21.0,21.0,52.0,21.0,1383.0,111.0,606.0,387.0,123.0
SERVANTS,206.0,125.0,200.0,0.0,206.0,107.0,0.0,0.0,206.0,0.0,130.0,206.0,206.0,206.0,0.0,0.0,0.0,206.0,204.0,0.0,0.0,0.0,206.0,206.0,0.0,0.0,206.0,0.0,0.0,0.0,0.0,0.0,206.0,0.0,206.0,206.0,125.0
SERVANTS.BAPTISTA,282.0,235.0,102.0,0.0,282.0,178.0,0.0,0.0,76.0,0.0,164.0,282.0,235.0,49.0,0.0,47.0,0.0,282.0,178.0,0.0,0.0,0.0,282.0,282.0,0.0,77.0,77.0,0.0,0.0,0.0,0.0,0.0,282.0,0.0,254.0,76.0,0.0
SERVANTS.BAPTISTA.1,3.0,5.0,3.0,0.0,3.0,0.0,0.0,0.0,8.0,0.0,0.0,8.0,8.0,0.0,0.0,0.0,0.0,8.0,3.0,0.0,0.0,0.0,8.0,8.0,0.0,0.0,0.0,0.0,0.0,0.0,0.0,0.0,8.0,0.0,3.0,0.0,0.0
SERVANTS.LORD,884.0,605.0,724.0,128.0,1109.0,988.0,61.0,25.0,1145.0,0.0,970.0,2716.0,1230.0,380.0,10.0,63.0,26.0,2487.0,1383.0,206.0,282.0,8.0,0.0,2487.0,30.0,260.0,952.0,34.0,43.0,34.0,74.0,34.0,2648.0,111.0,1317.0,389.0,125.0
SERVANTS.LORD.0,884.0,605.0,724.0,128.0,1109.0,988.0,0.0,25.0,1145.0,0.0,970.0,2487.0,1230.0,380.0,10.0,63.0,0.0,2487.0,1383.0,206.0,282.0,8.0,2487.0,0.0,0.0,260.0,952.0,34.0,43.0,34.0,74.0,34.0,2487.0,111.0,1317.0,389.0,125.0
SERVANTS.LORD.0.1,0.0,0.0,0.0,0.0,0.0,0.0,0.0,0.0,0.0,0.0,0.0,30.0,0.0,0.0,0.0,0.0,26.0,0.0,0.0,0.0,0.0,0.0,30.0,0.0,0.0,0.0,0.0,0.0,0.0,0.0,0.0,0.0,0.0,0.0,0.0,0.0,0.0
SERVANTS.PETRUCHIO,77.0,32.0,19.0,0.0,136.0,148.0,0.0,0.0,81.0,0.0,260.0,260.0,32.0,49.0,0.0,63.0,0.0,260.0,260.0,0.0,77.0,0.0,260.0,260.0,0.0,0.0,251.0,0.0,0.0,0.0,31.0,0.0,260.0,0.0,49.0,183.0,0.0
SERVANTS.PETRUCHIO.0.2,338.0,230.0,390.0,7.0,350.0,467.0,0.0,25.0,501.0,0.0,595.0,952.0,398.0,380.0,0.0,63.0,0.0,952.0,658.0,206.0,77.0,0.0,952.0,952.0,0.0,251.0,0.0,0.0,9.0,0.0,31.0,0.0,952.0,111.0,454.0,389.0,125.0
SERVANTS.PETRUCHIO.Joseph,0.0,0.0,0.0,34.0,0.0,34.0,0.0,0.0,0.0,0.0,21.0,34.0,0.0,0.0,0.0,0.0,0.0,34.0,21.0,0.0,0.0,0.0,34.0,34.0,0.0,0.0,0.0,0.0,34.0,34.0,34.0,34.0,34.0,0.0,0.0,0.0,0.0
SERVANTS.PETRUCHIO.Nathaniel,0.0,0.0,0.0,41.0,0.0,43.0,0.0,0.0,0.0,0.0,21.0,43.0,0.0,0.0,0.0,0.0,0.0,43.0,21.0,0.0,0.0,0.0,43.0,43.0,0.0,0.0,9.0,34.0,0.0,34.0,43.0,34.0,43.0,0.0,0.0,0.0,0.0
SERVANTS.PETRUCHIO.Nicholas,0.0,0.0,0.0,34.0,0.0,34.0,0.0,0.0,0.0,0.0,21.0,34.0,0.0,0.0,0.0,0.0,0.0,34.0,21.0,0.0,0.0,0.0,34.0,34.0,0.0,0.0,0.0,34.0,34.0,0.0,34.0,34.0,34.0,0.0,0.0,0.0,0.0
SERVANTS.PETRUCHIO.Peter,0.0,0.0,0.0,41.0,0.0,43.0,0.0,0.0,0.0,0.0,52.0,74.0,0.0,0.0,0.0,0.0,0.0,74.0,52.0,0.0,0.0,0.0,74.0,74.0,0.0,31.0,31.0,34.0,43.0,34.0,0.0,34.0,74.0,0.0,0.0,0.0,0.0
SERVANTS.PETRUCHIO.Phillip,0.0,0.0,0.0,34.0,0.0,34.0,0.0,0.0,0.0,0.0,21.0,34.0,0.0,0.0,0.0,0.0,0.0,34.0,21.0,0.0,0.0,0.0,34.0,34.0,0.0,0.0,0.0,34.0,34.0,34.0,34.0,0.0,34.0,0.0,0.0,0.0,0.0
Sly,884.0,605.0,724.0,128.0,1109.0,988.0,61.0,25.0,1145.0,12.0,970.0,2648.0,1230.0,380.0,10.0,63.0,0.0,2487.0,1383.0,206.0,282.0,8.0,2648.0,2487.0,0.0,260.0,952.0,34.0,43.0,34.0,74.0,34.0,0.0,111.0,1317.0,389.0,125.0
Tailor,0.0,0.0,0.0,0.0,0.0,111.0,0.0,25.0,111.0,0.0,111.0,111.0,0.0,0.0,0.0,0.0,0.0,111.0,111.0,0.0,0.0,0.0,111.0,111.0,0.0,0.0,111.0,0.0,0.0,0.0,0.0,0.0,111.0,0.0,0.0,0.0,0.0
Tranio,837.0,449.0,667.0,0.0,933.0,324.0,0.0,0.0,598.0,0.0,377.0,1317.0,988.0,380.0,0.0,19.0,0.0,1317.0,606.0,206.0,254.0,3.0,1317.0,1317.0,0.0,49.0,454.0,0.0,0.0,0.0,0.0,0.0,1317.0,0.0,0.0,255.0,125.0
Vincentio,282.0,154.0,219.0,0.0,337.0,238.0,0.0,0.0,258.0,0.0,313.0,389.0,235.0,255.0,0.0,46.0,0.0,389.0,387.0,206.0,76.0,0.0,389.0,389.0,0.0,183.0,389.0,0.0,0.0,0.0,0.0,0.0,389.0,0.0,255.0,0.0,125.0
Widow,125.0,125.0,125.0,0.0,125.0,50.0,0.0,0.0,125.0,0.0,123.0,125.0,125.0,125.0,0.0,0.0,0.0,125.0,123.0,125.0,0.0,0.0,125.0,125.0,0.0,0.0,125.0,0.0,0.0,0.0,0.0,0.0,125.0,0.0,125.0,125.0,0.0
