,ATTENDANTS,Aaron,Aemilius,Alarbus,Bassianus,Caius,Captain,Chiron,CountryFellow,Demetrius,GOTHS,GOTHS.0,GOTHS.0.2,GUARDS,Infant,Lavinia,Lucius,Marcus,Martius,Messenger,Mutius,Nurse,Publius,Quintus,ROMANS,ROMANS.0,SENATORS,SERVANTS,Saturninus,Sempronius,TRIBUNES,Tamora,Titus,Valentine,YoungLucius
ATTENDANTS,0.0,76.0,233.0,0.0,80.0,0.0,0.0,135.0,12.0,135.0,186.0,15.0,186.0,0.0,186.0,196.0,253.0,205.0,80.0,0.0,0.0,0.0,0.0,80.0,0.0,382.0,0.0,122.0,382.0,0.0,186.0,369.0,244.0,0.0,177.0
Aaron,76.0,0.0,29.0,60.0,305.0,0.0,266.0,660.0,0.0,660.0,179.0,15.0,179.0,117.0,313.0,311.0,590.0,305.0,388.0,0.0,254.0,125.0,0.0,388.0,266.0,1062.0,110.0,17.0,334.0,0.0,125.0,473.0,485.0,0.0,32.0
Aemilius,233.0,29.0,0.0,0.0,0.0,0.0,0.0,47.0,0.0,47.0,200.0,15.0,200.0,0.0,200.0,177.0,200.0,186.0,0.0,0.0,0.0,0.0,0.0,0.0,0.0,247.0,0.0,122.0,233.0,0.0,186.0,233.0,177.0,0.0,177.0
Alarbus,0.0,60.0,0.0,0.0,0.0,0.0,60.0,60.0,0.0,60.0,0.0,0.0,0.0,0.0,0.0,0.0,60.0,0.0,60.0,0.0,60.0,0.0,0.0,60.0,60.0,60.0,0.0,0.0,0.0,0.0,0.0,60.0,60.0,0.0,0.0
Bassianus,80.0,305.0,0.0,0.0,0.0,0.0,124.0,341.0,0.0,341.0,0.0,0.0,0.0,116.0,0.0,379.0,290.0,305.0,357.0,0.0,124.0,0.0,0.0,357.0,187.0,499.0,173.0,0.0,358.0,0.0,173.0,432.0,290.0,0.0,0.0
Caius,0.0,0.0,0.0,0.0,0.0,0.0,0.0,56.0,45.0,56.0,0.0,0.0,56.0,0.0,0.0,42.0,0.0,124.0,0.0,0.0,0.0,0.0,180.0,0.0,0.0,180.0,0.0,0.0,0.0,124.0,0.0,0.0,176.0,56.0,124.0
Captain,0.0,266.0,0.0,60.0,124.0,0.0,0.0,266.0,0.0,266.0,0.0,0.0,0.0,117.0,0.0,136.0,218.0,124.0,211.0,0.0,263.0,0.0,0.0,211.0,281.0,275.0,110.0,0.0,159.0,0.0,110.0,266.0,275.0,0.0,0.0
Chiron,135.0,660.0,47.0,60.0,341.0,56.0,266.0,0.0,12.0,1114.0,0.0,0.0,210.0,117.0,125.0,405.0,331.0,252.0,329.0,0.0,254.0,125.0,56.0,329.0,266.0,1114.0,110.0,17.0,393.0,0.0,110.0,750.0,571.0,56.0,17.0
CountryFellow,12.0,0.0,0.0,0.0,0.0,45.0,0.0,12.0,0.0,12.0,0.0,0.0,0.0,0.0,0.0,0.0,0.0,45.0,0.0,0.0,0.0,0.0,45.0,0.0,0.0,57.0,0.0,0.0,12.0,45.0,0.0,12.0,45.0,0.0,45.0
Demetrius,135.0,660.0,47.0,60.0,341.0,56.0,266.0,1114.0,12.0,0.0,0.0,0.0,210.0,117.0,125.0,405.0,331.0,252.0,329.0,0.0,254.0,125.0,56.0,329.0,266.0,1114.0,110.0,17.0,393.0,0.0,110.0,750.0,571.0,56.0,17.0
GOTHS,186.0,179.0,200.0,0.0,0.0,0.0,0.0,0.0,0.0,0.0,0.0,15.0,350.0,0.0,350.0,177.0,369.0,202.0,0.0,0.0,0.0,0.0,0.0,0.0,0.0,369.0,0.0,122.0,186.0,0.0,186.0,186.0,177.0,0.0,177.0
GOTHS.0,15.0,15.0,15.0,0.0,0.0,0.0,0.0,0.0,0.0,0.0,15.0,0.0,15.0,0.0,15.0,15.0,15.0,15.0,0.0,0.0,0.0,0.0,0.0,0.0,0.0,15.0,0.0,0.0,15.0,0.0,15.0,15.0,15.0,0.0,15.0
GOTHS.0.2,186.0,179.0,200.0,0.0,0.0,56.0,0.0,210.0,0.0,210.0,350.0,15.0,0.0,0.0,350.0,219.0,350.0,212.0,0.0,0.0,0.0,0.0,56.0,0.0,0.0,560.0,0.0,122.0,186.0,0.0,186.0,337.0,364.0,56.0,177.0
GUARDS,0.0,117.0,0.0,0.0,116.0,0.0,117.0,117.0,0.0,117.0,0.0,0.0,0.0,0.0,0.0,116.0,116.0,116.0,116.0,0.0,117.0,0.0,0.0,116.0,117.0,117.0,110.0,0.0,117.0,0.0,110.0,117.0,117.0,0.0,0.0
Infant,186.0,313.0,200.0,0.0,0.0,0.0,0.0,125.0,0.0,125.0,350.0,15.0,350.0,0.0,0.0,177.0,350.0,202.0,0.0,0.0,0.0,125.0,0.0,0.0,0.0,484.0,0.0,122.0,186.0,0.0,186.0,186.0,177.0,0.0,177.0
Lavinia,196.0,311.0,177.0,0.0,379.0,42.0,136.0,405.0,0.0,405.0,177.0,15.0,219.0,116.0,177.0,0.0,659.0,903.0,254.0,7.0,136.0,0.0,42.0,254.0,136.0,1110.0,110.0,208.0,411.0,0.0,287.0,568.0,916.0,42.0,386.0
Lucius,253.0,590.0,200.0,60.0,290.0,0.0,218.0,331.0,0.0,331.0,369.0,15.0,350.0,116.0,350.0,659.0,0.0,733.0,438.0,7.0,265.0,0.0,0.0,438.0,218.0,1092.0,110.0,122.0,470.0,0.0,296.0,565.0,887.0,0.0,177.0
Marcus,205.0,305.0,186.0,0.0,305.0,124.0,124.0,252.0,45.0,252.0,202.0,15.0,212.0,116.0,202.0,903.0,733.0,0.0,303.0,7.0,171.0,0.0,124.0,303.0,187.0,1138.0,173.0,208.0,483.0,124.0,359.0,438.0,1059.0,0.0,510.0
Martius,80.0,388.0,0.0,60.0,357.0,0.0,211.0,329.0,0.0,329.0,0.0,0.0,0.0,116.0,0.0,254.0,438.0,303.0,0.0,0.0,258.0,0.0,0.0,516.0,211.0,516.0,121.0,0.0,295.0,0.0,121.0,377.0,449.0,0.0,0.0
Messenger,0.0,0.0,0.0,0.0,0.0,0.0,0.0,0.0,0.0,0.0,0.0,0.0,0.0,0.0,0.0,7.0,7.0,7.0,0.0,0.0,0.0,0.0,0.0,0.0,0.0,7.0,0.0,0.0,0.0,0.0,0.0,0.0,7.0,0.0,0.0
Mutius,0.0,254.0,0.0,60.0,124.0,0.0,263.0,254.0,0.0,254.0,0.0,0.0,0.0,117.0,0.0,136.0,265.0,171.0,258.0,0.0,0.0,0.0,0.0,258.0,263.0,313.0,110.0,0.0,159.0,0.0,110.0,254.0,313.0,0.0,0.0
Nurse,0.0,125.0,0.0,0.0,0.0,0.0,0.0,125.0,0.0,125.0,0.0,0.0,0.0,0.0,125.0,0.0,0.0,0.0,0.0,0.0,0.0,0.0,0.0,0.0,0.0,125.0,0.0,0.0,0.0,0.0,0.0,0.0,0.0,0.0,0.0
Publius,0.0,0.0,0.0,0.0,0.0,180.0,0.0,56.0,45.0,56.0,0.0,0.0,56.0,0.0,0.0,42.0,0.0,124.0,0.0,0.0,0.0,0.0,0.0,0.0,0.0,180.0,0.0,0.0,0.0,124.0,0.0,0.0,176.0,56.0,124.0
Quintus,80.0,388.0,0.0,60.0,357.0,0.0,211.0,329.0,0.0,329.0,0.0,0.0,0.0,116.0,0.0,254.0,438.0,303.0,516.0,0.0,258.0,0.0,0.0,0.0,211.0,516.0,121.0,0.0,295.0,0.0,121.0,377.0,449.0,0.0,0.0
ROMANS,0.0,266.0,0.0,60.0,187.0,0.0,281.0,266.0,0.0,266.0,0.0,0.0,0.0,117.0,0.0,136.0,218.0,187.0,211.0,0.0,263.0,0.0,0.0,211.0,0.0,275.0,173.0,0.0,222.0,0.0,173.0,266.0,275.0,0.0,0.0
ROMANS.0,382.0,1062.0,247.0,60.0,499.0,180.0,275.0,1114.0,57.0,1114.0,369.0,15.0,560.0,117.0,484.0,1110.0,1092.0,1138.0,516.0,7.0,313.0,125.0,180.0,516.0,275.0,0.0,121.0,225.0,640.0,124.0,307.0,1068.0,1503.0,56.0,527.0
SENATORS,0.0,110.0,0.0,0.0,173.0,0.0,110.0,110.0,0.0,110.0,0.0,0.0,0.0,110.0,0.0,110.0,110.0,173.0,121.0,0.0,110.0,0.0,0.0,121.0,173.0,121.0,0.0,0.0,173.0,0.0,184.0,110.0,121.0,0.0,0.0
SERVANTS,122.0,17.0,122.0,0.0,0.0,0.0,0.0,17.0,0.0,17.0,122.0,0.0,122.0,0.0,122.0,208.0,122.0,208.0,0.0,0.0,0.0,0.0,0.0,0.0,0.0,225.0,0.0,0.0,122.0,0.0,122.0,122.0,208.0,0.0,225.0
Saturninus,382.0,334.0,233.0,0.0,358.0,0.0,159.0,393.0,12.0,393.0,186.0,15.0,186.0,117.0,186.0,411.0,470.0,483.0,295.0,0.0,159.0,0.0,0.0,295.0,222.0,640.0,173.0,122.0,0.0,0.0,359.0,627.0,502.0,0.0,177.0
Sempronius,0.0,0.0,0.0,0.0,0.0,124.0,0.0,0.0,45.0,0.0,0.0,0.0,0.0,0.0,0.0,0.0,0.0,124.0,0.0,0.0,0.0,0.0,124.0,0.0,0.0,124.0,0.0,0.0,0.0,0.0,0.0,0.0,124.0,0.0,124.0
TRIBUNES,186.0,125.0,186.0,0.0,173.0,0.0,110.0,110.0,0.0,110.0,186.0,15.0,186.0,110.0,186.0,287.0,296.0,359.0,121.0,0.0,110.0,0.0,0.0,121.0,173.0,307.0,184.0,122.0,359.0,0.0,0.0,296.0,298.0,0.0,177.0
Tamora,369.0,473.0,233.0,60.0,432.0,0.0,266.0,750.0,12.0,750.0,186.0,15.0,337.0,117.0,186.0,568.0,565.0,438.0,377.0,0.0,254.0,0.0,0.0,377.0,266.0,1068.0,110.0,122.0,627.0,0.0,296.0,0.0,741.0,0.0,177.0
Titus,244.0,485.0,177.0,60.0,290.0,176.0,275.0,571.0,45.0,571.0,177.0,15.0,364.0,117.0,177.0,916.0,887.0,1059.0,449.0,7.0,313.0,0.0,176.0,449.0,275.0,1503.0,121.0,208.0,502.0,124.0,298.0,741.0,0.0,52.0,510.0
Valentine,0.0,0.0,0.0,0.0,0.0,56.0,0.0,56.0,0.0,56.0,0.0,0.0,56.0,0.0,0.0,42.0,0.0,0.0,0.0,0.0,0.0,0.0,56.0,0.0,0.0,56.0,0.0,0.0,0.0,0.0,0.0,0.0,52.0,0.0,0.0
YoungLucius,177.0,32.0,177.0,0.0,0.0,124.0,0.0,17.0,45.0,17.0,177.0,15.0,177.0,0.0,177.0,386.0,177.0,510.0,0.0,0.0,0.0,0.0,124.0,0.0,0.0,527.0,0.0,225.0,177.0,124.0,177.0,177.0,510.0,0.0,0.0
