,AEDILES,AEDILES.X.1,AEDILES.X.2,AEDILES.X.3,ATTENDANTS.ROMAN,ATTENDANTS.VOLSCIAN,Adrian,Aufidius,CITIZENS.ANTIUM.1,CITIZENS.ROMAN,CITIZENS.ROMAN.1,CITIZENS.ROMAN.2,CITIZENS.ROMAN.3,CITIZENS.ROMAN.4,CITIZENS.ROMAN.5,CITIZENS.ROMAN.6,CITIZENS.ROMAN.7,CITIZENS.ROMAN.8,CITIZENS.VOLSCIAN,CONSPIRATORS,Cominius,Coriolanus,Gentlewoman,Herald,LICTORS,LORDS.VOLSCIAN,Lartius,MESSENGERS.TRIBUNES.1,MESSENGERS.TRIBUNES.2,MESSENGERS.X.1,MESSENGERS.X.2,MESSENGERS.X.3,MESSENGERS.X.4,Menenius,NOBLES,Nicanor,OFFICERS.1,OFFICERS.2,SENATORS.ROMAN,SENATORS.VOLSCIAN,SERVANTS.1,SERVANTS.2,SERVANTS.3,SOLDIERS.ROMAN,SOLDIERS.ROMAN.0,SOLDIERS.ROMAN.Lieutenant,SOLDIERS.ROMAN.Scout,SOLDIERS.ROMAN.Trumpeter,SOLDIERS.VOLSCIAN,SOLDIERS.VOLSCIAN.Lieutenant,TRIBUNES.Brutus,TRIBUNES.Sicinius,Usher,Valeria,Virgilia,Volumnia,WATCHMEN.1,WATCHMEN.2,YoungMartius
AEDILES,0.0,0.0,0.0,0.0,0.0,0.0,0.0,0.0,0.0,155.0,0.0,0.0,0.0,0.0,0.0,0.0,0.0,0.0,0.0,0.0,60.0,60.0,0.0,0.0,0.0,0.0,60.0,0.0,0.0,0.0,0.0,0.0,0.0,155.0,0.0,0.0,0.0,0.0,60.0,0.0,0.0,0.0,0.0,0.0,155.0,0.0,0.0,0.0,0.0,0.0,155.0,155.0,0.0,0.0,0.0,0.0,0.0,0.0,0.0
AEDILES.X.1,0.0,0.0,0.0,0.0,0.0,0.0,0.0,0.0,0.0,0.0,0.0,0.0,0.0,0.0,0.0,0.0,0.0,0.0,0.0,0.0,1.0,1.0,0.0,0.0,0.0,0.0,1.0,0.0,0.0,0.0,0.0,0.0,0.0,1.0,0.0,0.0,0.0,0.0,1.0,0.0,0.0,0.0,0.0,0.0,1.0,0.0,0.0,0.0,0.0,0.0,1.0,1.0,0.0,0.0,0.0,0.0,0.0,0.0,0.0
AEDILES.X.2,0.0,0.0,0.0,0.0,0.0,0.0,0.0,0.0,0.0,123.0,0.0,0.0,0.0,0.0,0.0,0.0,0.0,0.0,0.0,0.0,115.0,115.0,0.0,0.0,0.0,0.0,0.0,0.0,0.0,0.0,0.0,0.0,0.0,115.0,0.0,0.0,0.0,0.0,115.0,0.0,0.0,0.0,0.0,0.0,160.0,0.0,0.0,0.0,0.0,0.0,160.0,160.0,0.0,0.0,0.0,0.0,0.0,0.0,0.0
AEDILES.X.3,0.0,0.0,0.0,0.0,0.0,0.0,0.0,0.0,0.0,32.0,0.0,0.0,0.0,0.0,0.0,0.0,0.0,0.0,0.0,0.0,89.0,0.0,0.0,0.0,0.0,0.0,0.0,125.0,103.0,0.0,0.0,0.0,0.0,142.0,0.0,0.0,0.0,0.0,0.0,0.0,0.0,0.0,0.0,0.0,150.0,0.0,0.0,0.0,0.0,0.0,150.0,150.0,0.0,0.0,0.0,0.0,0.0,0.0,0.0
ATTENDANTS.ROMAN,0.0,0.0,0.0,0.0,0.0,0.0,0.0,210.0,0.0,0.0,0.0,0.0,0.0,0.0,0.0,0.0,0.0,0.0,0.0,0.0,0.0,210.0,0.0,0.0,0.0,0.0,0.0,0.0,0.0,0.0,0.0,0.0,0.0,0.0,0.0,0.0,0.0,0.0,0.0,0.0,0.0,0.0,0.0,0.0,210.0,0.0,0.0,0.0,0.0,0.0,0.0,0.0,0.0,210.0,210.0,210.0,0.0,0.0,210.0
ATTENDANTS.VOLSCIAN,0.0,0.0,0.0,0.0,0.0,0.0,0.0,9.0,0.0,0.0,0.0,0.0,0.0,0.0,0.0,0.0,0.0,0.0,0.0,0.0,0.0,0.0,0.0,0.0,0.0,0.0,0.0,0.0,0.0,0.0,0.0,0.0,0.0,0.0,0.0,0.0,0.0,0.0,0.0,0.0,0.0,0.0,0.0,0.0,9.0,0.0,0.0,0.0,0.0,0.0,0.0,0.0,0.0,0.0,0.0,0.0,0.0,0.0,0.0
Adrian,0.0,0.0,0.0,0.0,0.0,0.0,0.0,0.0,0.0,0.0,0.0,0.0,0.0,0.0,0.0,0.0,0.0,0.0,0.0,0.0,0.0,0.0,0.0,0.0,0.0,0.0,0.0,0.0,0.0,0.0,0.0,0.0,0.0,0.0,0.0,53.0,0.0,0.0,0.0,0.0,0.0,0.0,0.0,0.0,53.0,0.0,0.0,0.0,0.0,0.0,0.0,0.0,0.0,0.0,0.0,0.0,0.0,0.0,0.0
Aufidius,0.0,0.0,0.0,0.0,210.0,9.0,0.0,0.0,0.0,0.0,0.0,0.0,0.0,0.0,0.0,0.0,0.0,0.0,102.0,176.0,0.0,505.0,0.0,0.0,0.0,115.0,0.0,0.0,0.0,0.0,0.0,0.0,0.0,37.0,0.0,0.0,0.0,0.0,0.0,48.0,110.0,110.0,0.0,0.0,663.0,0.0,0.0,0.0,39.0,61.0,0.0,0.0,0.0,210.0,210.0,210.0,37.0,37.0,210.0
CITIZENS.ANTIUM.1,0.0,0.0,0.0,0.0,0.0,0.0,0.0,0.0,0.0,0.0,0.0,0.0,0.0,0.0,0.0,0.0,0.0,0.0,0.0,0.0,0.0,10.0,0.0,0.0,0.0,0.0,0.0,0.0,0.0,0.0,0.0,0.0,0.0,0.0,0.0,0.0,0.0,0.0,0.0,0.0,0.0,0.0,0.0,0.0,10.0,0.0,0.0,0.0,0.0,0.0,0.0,0.0,0.0,0.0,0.0,0.0,0.0,0.0,0.0
CITIZENS.ROMAN,155.0,0.0,123.0,32.0,0.0,0.0,0.0,0.0,0.0,0.0,0.0,0.0,0.0,0.0,0.0,0.0,0.0,0.0,0.0,0.0,233.0,287.0,0.0,0.0,0.0,0.0,94.0,32.0,32.0,39.0,0.0,0.0,0.0,540.0,0.0,0.0,0.0,0.0,209.0,0.0,0.0,0.0,0.0,0.0,321.0,0.0,0.0,0.0,0.0,0.0,355.0,355.0,0.0,0.0,0.0,0.0,0.0,0.0,0.0
CITIZENS.ROMAN.1,0.0,0.0,0.0,0.0,0.0,0.0,0.0,0.0,0.0,0.0,0.0,189.0,189.0,165.0,165.0,165.0,165.0,165.0,0.0,0.0,0.0,33.0,0.0,0.0,0.0,0.0,0.0,0.0,0.0,0.0,0.0,0.0,0.0,9.0,0.0,0.0,0.0,0.0,0.0,0.0,0.0,0.0,0.0,0.0,189.0,0.0,0.0,0.0,0.0,0.0,115.0,115.0,0.0,0.0,0.0,0.0,0.0,0.0,0.0
CITIZENS.ROMAN.2,0.0,0.0,0.0,0.0,0.0,0.0,0.0,0.0,0.0,0.0,189.0,0.0,189.0,165.0,165.0,165.0,165.0,165.0,0.0,0.0,0.0,33.0,0.0,0.0,0.0,0.0,0.0,0.0,0.0,0.0,0.0,0.0,0.0,9.0,0.0,0.0,0.0,0.0,0.0,0.0,0.0,0.0,0.0,0.0,189.0,0.0,0.0,0.0,0.0,0.0,115.0,115.0,0.0,0.0,0.0,0.0,0.0,0.0,0.0
CITIZENS.ROMAN.3,0.0,0.0,0.0,0.0,0.0,0.0,0.0,0.0,0.0,0.0,189.0,189.0,0.0,165.0,165.0,165.0,165.0,165.0,0.0,0.0,0.0,33.0,0.0,0.0,0.0,0.0,0.0,0.0,0.0,0.0,0.0,0.0,0.0,9.0,0.0,0.0,0.0,0.0,0.0,0.0,0.0,0.0,0.0,0.0,189.0,0.0,0.0,0.0,0.0,0.0,115.0,115.0,0.0,0.0,0.0,0.0,0.0,0.0,0.0
CITIZENS.ROMAN.4,0.0,0.0,0.0,0.0,0.0,0.0,0.0,0.0,0.0,0.0,165.0,165.0,165.0,0.0,193.0,165.0,165.0,165.0,0.0,0.0,0.0,37.0,0.0,0.0,0.0,0.0,0.0,0.0,0.0,0.0,0.0,0.0,0.0,9.0,0.0,0.0,0.0,0.0,0.0,0.0,0.0,0.0,0.0,0.0,193.0,0.0,0.0,0.0,0.0,0.0,115.0,115.0,0.0,0.0,0.0,0.0,0.0,0.0,0.0
CITIZENS.ROMAN.5,0.0,0.0,0.0,0.0,0.0,0.0,0.0,0.0,0.0,0.0,165.0,165.0,165.0,193.0,0.0,165.0,165.0,165.0,0.0,0.0,0.0,37.0,0.0,0.0,0.0,0.0,0.0,0.0,0.0,0.0,0.0,0.0,0.0,9.0,0.0,0.0,0.0,0.0,0.0,0.0,0.0,0.0,0.0,0.0,193.0,0.0,0.0,0.0,0.0,0.0,115.0,115.0,0.0,0.0,0.0,0.0,0.0,0.0,0.0
CITIZENS.ROMAN.6,0.0,0.0,0.0,0.0,0.0,0.0,0.0,0.0,0.0,0.0,165.0,165.0,165.0,165.0,165.0,0.0,179.0,179.0,0.0,0.0,0.0,23.0,0.0,0.0,0.0,0.0,0.0,0.0,0.0,0.0,0.0,0.0,0.0,9.0,0.0,0.0,0.0,0.0,0.0,0.0,0.0,0.0,0.0,0.0,179.0,0.0,0.0,0.0,0.0,0.0,115.0,115.0,0.0,0.0,0.0,0.0,0.0,0.0,0.0
CITIZENS.ROMAN.7,0.0,0.0,0.0,0.0,0.0,0.0,0.0,0.0,0.0,0.0,165.0,165.0,165.0,165.0,165.0,179.0,0.0,179.0,0.0,0.0,0.0,23.0,0.0,0.0,0.0,0.0,0.0,0.0,0.0,0.0,0.0,0.0,0.0,9.0,0.0,0.0,0.0,0.0,0.0,0.0,0.0,0.0,0.0,0.0,179.0,0.0,0.0,0.0,0.0,0.0,115.0,115.0,0.0,0.0,0.0,0.0,0.0,0.0,0.0
CITIZENS.ROMAN.8,0.0,0.0,0.0,0.0,0.0,0.0,0.0,0.0,0.0,0.0,165.0,165.0,165.0,165.0,165.0,179.0,179.0,0.0,0.0,0.0,0.0,23.0,0.0,0.0,0.0,0.0,0.0,0.0,0.0,0.0,0.0,0.0,0.0,9.0,0.0,0.0,0.0,0.0,0.0,0.0,0.0,0.0,0.0,0.0,179.0,0.0,0.0,0.0,0.0,0.0,115.0,115.0,0.0,0.0,0.0,0.0,0.0,0.0,0.0
CITIZENS.VOLSCIAN,0.0,0.0,0.0,0.0,0.0,0.0,0.0,102.0,0.0,0.0,0.0,0.0,0.0,0.0,0.0,0.0,0.0,0.0,0.0,102.0,0.0,102.0,0.0,0.0,0.0,102.0,0.0,0.0,0.0,0.0,0.0,0.0,0.0,0.0,0.0,0.0,0.0,0.0,0.0,0.0,0.0,0.0,0.0,0.0,102.0,0.0,0.0,0.0,0.0,0.0,0.0,0.0,0.0,0.0,0.0,0.0,0.0,0.0,0.0
CONSPIRATORS,0.0,0.0,0.0,0.0,0.0,0.0,0.0,176.0,0.0,0.0,0.0,0.0,0.0,0.0,0.0,0.0,0.0,0.0,102.0,0.0,0.0,102.0,0.0,0.0,0.0,115.0,0.0,0.0,0.0,0.0,0.0,0.0,0.0,0.0,0.0,0.0,0.0,0.0,0.0,0.0,0.0,0.0,0.0,0.0,176.0,0.0,0.0,0.0,0.0,0.0,0.0,0.0,0.0,0.0,0.0,0.0,0.0,0.0,0.0
Cominius,60.0,1.0,115.0,89.0,0.0,0.0,0.0,0.0,0.0,233.0,0.0,0.0,0.0,0.0,0.0,0.0,0.0,0.0,0.0,0.0,0.0,914.0,0.0,57.0,147.0,0.0,475.0,89.0,89.0,36.0,0.0,16.0,0.0,949.0,133.0,0.0,147.0,147.0,662.0,0.0,0.0,0.0,0.0,270.0,1021.0,0.0,0.0,0.0,0.0,0.0,805.0,805.0,0.0,57.0,126.0,181.0,0.0,0.0,0.0
Coriolanus,60.0,1.0,115.0,0.0,210.0,0.0,0.0,505.0,10.0,287.0,33.0,33.0,33.0,37.0,37.0,23.0,23.0,23.0,102.0,102.0,914.0,0.0,0.0,57.0,87.0,102.0,544.0,0.0,0.0,41.0,40.0,0.0,0.0,970.0,246.0,0.0,87.0,87.0,686.0,12.0,147.0,138.0,34.0,309.0,1588.0,0.0,0.0,26.0,19.0,0.0,587.0,587.0,0.0,267.0,336.0,490.0,37.0,37.0,210.0
Gentlewoman,0.0,0.0,0.0,0.0,0.0,0.0,0.0,0.0,0.0,0.0,0.0,0.0,0.0,0.0,0.0,0.0,0.0,0.0,0.0,0.0,0.0,0.0,0.0,0.0,0.0,0.0,0.0,0.0,0.0,0.0,0.0,0.0,0.0,0.0,0.0,0.0,0.0,0.0,0.0,0.0,0.0,0.0,0.0,0.0,0.0,0.0,0.0,0.0,0.0,0.0,0.0,0.0,66.0,66.0,86.0,86.0,0.0,0.0,0.0
Herald,0.0,0.0,0.0,0.0,0.0,0.0,0.0,0.0,0.0,0.0,0.0,0.0,0.0,0.0,0.0,0.0,0.0,0.0,0.0,0.0,57.0,57.0,0.0,0.0,0.0,0.0,57.0,0.0,0.0,0.0,0.0,0.0,0.0,57.0,0.0,0.0,0.0,0.0,0.0,0.0,0.0,0.0,0.0,57.0,57.0,0.0,0.0,0.0,0.0,0.0,57.0,57.0,0.0,57.0,57.0,57.0,0.0,0.0,0.0
LICTORS,0.0,0.0,0.0,0.0,0.0,0.0,0.0,0.0,0.0,0.0,0.0,0.0,0.0,0.0,0.0,0.0,0.0,0.0,0.0,0.0,147.0,87.0,0.0,0.0,0.0,0.0,0.0,0.0,0.0,0.0,0.0,0.0,0.0,147.0,0.0,0.0,147.0,147.0,147.0,0.0,0.0,0.0,0.0,0.0,147.0,0.0,0.0,0.0,0.0,0.0,147.0,147.0,0.0,0.0,0.0,0.0,0.0,0.0,0.0
LORDS.VOLSCIAN,0.0,0.0,0.0,0.0,0.0,0.0,0.0,115.0,0.0,0.0,0.0,0.0,0.0,0.0,0.0,0.0,0.0,0.0,102.0,115.0,0.0,102.0,0.0,0.0,0.0,0.0,0.0,0.0,0.0,0.0,0.0,0.0,0.0,0.0,0.0,0.0,0.0,0.0,0.0,0.0,0.0,0.0,0.0,0.0,115.0,0.0,0.0,0.0,0.0,0.0,0.0,0.0,0.0,0.0,0.0,0.0,0.0,0.0,0.0
Lartius,60.0,1.0,0.0,0.0,0.0,0.0,0.0,0.0,0.0,94.0,0.0,0.0,0.0,0.0,0.0,0.0,0.0,0.0,0.0,0.0,475.0,544.0,0.0,57.0,0.0,0.0,0.0,0.0,0.0,36.0,40.0,0.0,0.0,381.0,0.0,0.0,0.0,0.0,324.0,12.0,0.0,0.0,0.0,225.0,439.0,9.0,9.0,29.0,12.0,0.0,356.0,356.0,0.0,57.0,57.0,57.0,0.0,0.0,0.0
MESSENGERS.TRIBUNES.1,0.0,0.0,0.0,125.0,0.0,0.0,0.0,0.0,0.0,32.0,0.0,0.0,0.0,0.0,0.0,0.0,0.0,0.0,0.0,0.0,89.0,0.0,0.0,0.0,0.0,0.0,0.0,0.0,130.0,0.0,0.0,0.0,0.0,149.0,0.0,0.0,0.0,0.0,0.0,0.0,0.0,0.0,0.0,0.0,157.0,0.0,0.0,0.0,0.0,0.0,125.0,157.0,0.0,0.0,0.0,0.0,0.0,0.0,0.0
MESSENGERS.TRIBUNES.2,0.0,0.0,0.0,103.0,0.0,0.0,0.0,0.0,0.0,32.0,0.0,0.0,0.0,0.0,0.0,0.0,0.0,0.0,0.0,0.0,89.0,0.0,0.0,0.0,0.0,0.0,0.0,130.0,0.0,0.0,0.0,0.0,0.0,122.0,0.0,0.0,0.0,0.0,0.0,0.0,0.0,0.0,0.0,0.0,130.0,0.0,0.0,0.0,0.0,0.0,103.0,130.0,0.0,0.0,0.0,0.0,0.0,0.0,0.0
MESSENGERS.X.1,0.0,0.0,0.0,0.0,0.0,0.0,0.0,0.0,0.0,39.0,0.0,0.0,0.0,0.0,0.0,0.0,0.0,0.0,0.0,0.0,36.0,41.0,0.0,0.0,0.0,0.0,36.0,0.0,0.0,0.0,0.0,0.0,0.0,41.0,0.0,0.0,0.0,0.0,36.0,0.0,0.0,0.0,0.0,0.0,0.0,0.0,0.0,0.0,0.0,0.0,36.0,36.0,0.0,0.0,0.0,0.0,0.0,0.0,0.0
MESSENGERS.X.2,0.0,0.0,0.0,0.0,0.0,0.0,0.0,0.0,0.0,0.0,0.0,0.0,0.0,0.0,0.0,0.0,0.0,0.0,0.0,0.0,0.0,40.0,0.0,0.0,0.0,0.0,40.0,0.0,0.0,0.0,0.0,0.0,0.0,0.0,0.0,0.0,0.0,0.0,0.0,12.0,0.0,0.0,0.0,40.0,0.0,0.0,0.0,0.0,9.0,0.0,0.0,0.0,0.0,0.0,0.0,0.0,0.0,0.0,0.0
MESSENGERS.X.3,0.0,0.0,0.0,0.0,0.0,0.0,0.0,0.0,0.0,0.0,0.0,0.0,0.0,0.0,0.0,0.0,0.0,0.0,0.0,0.0,16.0,0.0,0.0,0.0,0.0,0.0,0.0,0.0,0.0,0.0,0.0,0.0,0.0,0.0,0.0,0.0,0.0,0.0,0.0,0.0,0.0,0.0,0.0,16.0,0.0,0.0,0.0,0.0,0.0,0.0,0.0,0.0,0.0,0.0,0.0,0.0,0.0,0.0,0.0
MESSENGERS.X.4,0.0,0.0,0.0,0.0,0.0,0.0,0.0,0.0,0.0,0.0,0.0,0.0,0.0,0.0,0.0,0.0,0.0,0.0,0.0,0.0,0.0,0.0,0.0,0.0,0.0,0.0,0.0,0.0,0.0,0.0,0.0,0.0,0.0,0.0,0.0,0.0,0.0,0.0,0.0,0.0,0.0,0.0,0.0,0.0,14.0,0.0,0.0,0.0,0.0,0.0,14.0,14.0,0.0,0.0,0.0,0.0,0.0,0.0,0.0
Menenius,155.0,1.0,115.0,142.0,0.0,0.0,0.0,37.0,0.0,540.0,9.0,9.0,9.0,9.0,9.0,9.0,9.0,9.0,0.0,0.0,949.0,970.0,0.0,57.0,147.0,0.0,381.0,149.0,122.0,41.0,0.0,0.0,0.0,0.0,217.0,0.0,147.0,147.0,746.0,0.0,0.0,0.0,0.0,57.0,1682.0,0.0,0.0,0.0,0.0,0.0,1205.0,1273.0,0.0,124.0,254.0,393.0,114.0,114.0,0.0
NOBLES,0.0,0.0,0.0,0.0,0.0,0.0,0.0,0.0,0.0,0.0,0.0,0.0,0.0,0.0,0.0,0.0,0.0,0.0,0.0,0.0,133.0,246.0,0.0,0.0,0.0,0.0,0.0,0.0,0.0,0.0,0.0,0.0,0.0,217.0,0.0,0.0,0.0,0.0,148.0,0.0,0.0,0.0,0.0,0.0,246.0,0.0,0.0,0.0,0.0,0.0,0.0,0.0,0.0,0.0,69.0,223.0,0.0,0.0,0.0
Nicanor,0.0,0.0,0.0,0.0,0.0,0.0,53.0,0.0,0.0,0.0,0.0,0.0,0.0,0.0,0.0,0.0,0.0,0.0,0.0,0.0,0.0,0.0,0.0,0.0,0.0,0.0,0.0,0.0,0.0,0.0,0.0,0.0,0.0,0.0,0.0,0.0,0.0,0.0,0.0,0.0,0.0,0.0,0.0,0.0,53.0,0.0,0.0,0.0,0.0,0.0,0.0,0.0,0.0,0.0,0.0,0.0,0.0,0.0,0.0
OFFICERS.1,0.0,0.0,0.0,0.0,0.0,0.0,0.0,0.0,0.0,0.0,0.0,0.0,0.0,0.0,0.0,0.0,0.0,0.0,0.0,0.0,147.0,87.0,0.0,0.0,147.0,0.0,0.0,0.0,0.0,0.0,0.0,0.0,0.0,147.0,0.0,0.0,0.0,183.0,147.0,0.0,0.0,0.0,0.0,0.0,183.0,0.0,0.0,0.0,0.0,0.0,147.0,147.0,0.0,0.0,0.0,0.0,0.0,0.0,0.0
OFFICERS.2,0.0,0.0,0.0,0.0,0.0,0.0,0.0,0.0,0.0,0.0,0.0,0.0,0.0,0.0,0.0,0.0,0.0,0.0,0.0,0.0,147.0,87.0,0.0,0.0,147.0,0.0,0.0,0.0,0.0,0.0,0.0,0.0,0.0,147.0,0.0,0.0,183.0,0.0,147.0,0.0,0.0,0.0,0.0,0.0,183.0,0.0,0.0,0.0,0.0,0.0,147.0,147.0,0.0,0.0,0.0,0.0,0.0,0.0,0.0
SENATORS.ROMAN,60.0,1.0,115.0,0.0,0.0,0.0,0.0,0.0,0.0,209.0,0.0,0.0,0.0,0.0,0.0,0.0,0.0,0.0,0.0,0.0,662.0,686.0,0.0,0.0,147.0,0.0,324.0,0.0,0.0,36.0,0.0,0.0,0.0,746.0,148.0,0.0,147.0,147.0,0.0,0.0,0.0,0.0,0.0,0.0,718.0,0.0,0.0,0.0,0.0,0.0,573.0,573.0,0.0,8.0,8.0,147.0,0.0,0.0,0.0
SENATORS.VOLSCIAN,0.0,0.0,0.0,0.0,0.0,0.0,0.0,48.0,0.0,0.0,0.0,0.0,0.0,0.0,0.0,0.0,0.0,0.0,0.0,0.0,0.0,12.0,0.0,0.0,0.0,0.0,12.0,0.0,0.0,0.0,12.0,0.0,0.0,0.0,0.0,0.0,0.0,0.0,0.0,0.0,0.0,0.0,0.0,12.0,0.0,0.0,0.0,0.0,0.0,0.0,0.0,0.0,0.0,0.0,0.0,0.0,0.0,0.0,0.0
SERVANTS.1,0.0,0.0,0.0,0.0,0.0,0.0,0.0,110.0,0.0,0.0,0.0,0.0,0.0,0.0,0.0,0.0,0.0,0.0,0.0,0.0,0.0,147.0,0.0,0.0,0.0,0.0,0.0,0.0,0.0,0.0,0.0,0.0,0.0,0.0,0.0,0.0,0.0,0.0,0.0,0.0,0.0,226.0,104.0,0.0,245.0,0.0,0.0,0.0,0.0,0.0,0.0,0.0,0.0,0.0,0.0,0.0,0.0,0.0,0.0
SERVANTS.2,0.0,0.0,0.0,0.0,0.0,0.0,0.0,110.0,0.0,0.0,0.0,0.0,0.0,0.0,0.0,0.0,0.0,0.0,0.0,0.0,0.0,138.0,0.0,0.0,0.0,0.0,0.0,0.0,0.0,0.0,0.0,0.0,0.0,0.0,0.0,0.0,0.0,0.0,0.0,0.0,226.0,0.0,90.0,0.0,236.0,0.0,0.0,0.0,0.0,0.0,0.0,0.0,0.0,0.0,0.0,0.0,0.0,0.0,0.0
SERVANTS.3,0.0,0.0,0.0,0.0,0.0,0.0,0.0,0.0,0.0,0.0,0.0,0.0,0.0,0.0,0.0,0.0,0.0,0.0,0.0,0.0,0.0,34.0,0.0,0.0,0.0,0.0,0.0,0.0,0.0,0.0,0.0,0.0,0.0,0.0,0.0,0.0,0.0,0.0,0.0,0.0,104.0,90.0,0.0,0.0,104.0,0.0,0.0,0.0,0.0,0.0,0.0,0.0,0.0,0.0,0.0,0.0,0.0,0.0,0.0
SOLDIERS.ROMAN,0.0,0.0,0.0,0.0,0.0,0.0,0.0,0.0,0.0,0.0,0.0,0.0,0.0,0.0,0.0,0.0,0.0,0.0,0.0,0.0,270.0,309.0,0.0,57.0,0.0,0.0,225.0,0.0,0.0,0.0,40.0,16.0,0.0,57.0,0.0,0.0,0.0,0.0,0.0,12.0,0.0,0.0,0.0,0.0,151.0,9.0,9.0,5.0,16.0,0.0,57.0,57.0,0.0,57.0,57.0,57.0,0.0,0.0,0.0
SOLDIERS.ROMAN.0,155.0,1.0,160.0,150.0,210.0,9.0,53.0,663.0,10.0,321.0,189.0,189.0,189.0,193.0,193.0,179.0,179.0,179.0,102.0,176.0,1021.0,1588.0,0.0,57.0,147.0,115.0,439.0,157.0,130.0,0.0,0.0,0.0,14.0,1682.0,246.0,53.0,183.0,183.0,718.0,0.0,245.0,236.0,104.0,151.0,0.0,0.0,0.0,0.0,36.0,61.0,1480.0,1548.0,0.0,342.0,472.0,626.0,117.0,117.0,210.0
SOLDIERS.ROMAN.Lieutenant,0.0,0.0,0.0,0.0,0.0,0.0,0.0,0.0,0.0,0.0,0.0,0.0,0.0,0.0,0.0,0.0,0.0,0.0,0.0,0.0,0.0,0.0,0.0,0.0,0.0,0.0,9.0,0.0,0.0,0.0,0.0,0.0,0.0,0.0,0.0,0.0,0.0,0.0,0.0,0.0,0.0,0.0,0.0,9.0,0.0,0.0,9.0,0.0,0.0,0.0,0.0,0.0,0.0,0.0,0.0,0.0,0.0,0.0,0.0
SOLDIERS.ROMAN.Scout,0.0,0.0,0.0,0.0,0.0,0.0,0.0,0.0,0.0,0.0,0.0,0.0,0.0,0.0,0.0,0.0,0.0,0.0,0.0,0.0,0.0,0.0,0.0,0.0,0.0,0.0,9.0,0.0,0.0,0.0,0.0,0.0,0.0,0.0,0.0,0.0,0.0,0.0,0.0,0.0,0.0,0.0,0.0,9.0,0.0,9.0,0.0,0.0,0.0,0.0,0.0,0.0,0.0,0.0,0.0,0.0,0.0,0.0,0.0
SOLDIERS.ROMAN.Trumpeter,0.0,0.0,0.0,0.0,0.0,0.0,0.0,0.0,0.0,0.0,0.0,0.0,0.0,0.0,0.0,0.0,0.0,0.0,0.0,0.0,0.0,26.0,0.0,0.0,0.0,0.0,29.0,0.0,0.0,0.0,0.0,0.0,0.0,0.0,0.0,0.0,0.0,0.0,0.0,0.0,0.0,0.0,0.0,5.0,0.0,0.0,0.0,0.0,0.0,0.0,0.0,0.0,0.0,0.0,0.0,0.0,0.0,0.0,0.0
SOLDIERS.VOLSCIAN,0.0,0.0,0.0,0.0,0.0,0.0,0.0,39.0,0.0,0.0,0.0,0.0,0.0,0.0,0.0,0.0,0.0,0.0,0.0,0.0,0.0,19.0,0.0,0.0,0.0,0.0,12.0,0.0,0.0,0.0,9.0,0.0,0.0,0.0,0.0,0.0,0.0,0.0,0.0,0.0,0.0,0.0,0.0,16.0,36.0,0.0,0.0,0.0,0.0,0.0,0.0,0.0,0.0,0.0,0.0,0.0,0.0,0.0,0.0
SOLDIERS.VOLSCIAN.Lieutenant,0.0,0.0,0.0,0.0,0.0,0.0,0.0,61.0,0.0,0.0,0.0,0.0,0.0,0.0,0.0,0.0,0.0,0.0,0.0,0.0,0.0,0.0,0.0,0.0,0.0,0.0,0.0,0.0,0.0,0.0,0.0,0.0,0.0,0.0,0.0,0.0,0.0,0.0,0.0,0.0,0.0,0.0,0.0,0.0,61.0,0.0,0.0,0.0,0.0,0.0,0.0,0.0,0.0,0.0,0.0,0.0,0.0,0.0,0.0
TRIBUNES.Brutus,155.0,1.0,160.0,150.0,0.0,0.0,0.0,0.0,0.0,355.0,115.0,115.0,115.0,115.0,115.0,115.0,115.0,115.0,0.0,0.0,805.0,587.0,0.0,57.0,147.0,0.0,356.0,125.0,103.0,36.0,0.0,0.0,14.0,1205.0,0.0,0.0,147.0,147.0,573.0,0.0,0.0,0.0,0.0,57.0,1480.0,0.0,0.0,0.0,0.0,0.0,0.0,1551.0,0.0,124.0,171.0,171.0,0.0,0.0,0.0
TRIBUNES.Sicinius,155.0,1.0,160.0,150.0,0.0,0.0,0.0,0.0,0.0,355.0,115.0,115.0,115.0,115.0,115.0,115.0,115.0,115.0,0.0,0.0,805.0,587.0,0.0,57.0,147.0,0.0,356.0,157.0,130.0,36.0,0.0,0.0,14.0,1273.0,0.0,0.0,147.0,147.0,573.0,0.0,0.0,0.0,0.0,57.0,1548.0,0.0,0.0,0.0,0.0,0.0,1551.0,0.0,0.0,124.0,171.0,171.0,0.0,0.0,0.0
Usher,0.0,0.0,0.0,0.0,0.0,0.0,0.0,0.0,0.0,0.0,0.0,0.0,0.0,0.0,0.0,0.0,0.0,0.0,0.0,0.0,0.0,0.0,66.0,0.0,0.0,0.0,0.0,0.0,0.0,0.0,0.0,0.0,0.0,0.0,0.0,0.0,0.0,0.0,0.0,0.0,0.0,0.0,0.0,0.0,0.0,0.0,0.0,0.0,0.0,0.0,0.0,0.0,0.0,66.0,66.0,66.0,0.0,0.0,0.0
Valeria,0.0,0.0,0.0,0.0,210.0,0.0,0.0,210.0,0.0,0.0,0.0,0.0,0.0,0.0,0.0,0.0,0.0,0.0,0.0,0.0,57.0,267.0,66.0,57.0,0.0,0.0,57.0,0.0,0.0,0.0,0.0,0.0,0.0,124.0,0.0,0.0,0.0,0.0,8.0,0.0,0.0,0.0,0.0,57.0,342.0,0.0,0.0,0.0,0.0,0.0,124.0,124.0,66.0,0.0,408.0,408.0,0.0,0.0,210.0
Virgilia,0.0,0.0,0.0,0.0,210.0,0.0,0.0,210.0,0.0,0.0,0.0,0.0,0.0,0.0,0.0,0.0,0.0,0.0,0.0,0.0,126.0,336.0,86.0,57.0,0.0,0.0,57.0,0.0,0.0,0.0,0.0,0.0,0.0,254.0,69.0,0.0,0.0,0.0,8.0,0.0,0.0,0.0,0.0,57.0,472.0,0.0,0.0,0.0,0.0,0.0,171.0,171.0,66.0,408.0,0.0,588.0,0.0,0.0,210.0
Volumnia,0.0,0.0,0.0,0.0,210.0,0.0,0.0,210.0,0.0,0.0,0.0,0.0,0.0,0.0,0.0,0.0,0.0,0.0,0.0,0.0,181.0,490.0,86.0,57.0,0.0,0.0,57.0,0.0,0.0,0.0,0.0,0.0,0.0,393.0,223.0,0.0,0.0,0.0,147.0,0.0,0.0,0.0,0.0,57.0,626.0,0.0,0.0,0.0,0.0,0.0,171.0,171.0,66.0,408.0,588.0,0.0,0.0,0.0,210.0
WATCHMEN.1,0.0,0.0,0.0,0.0,0.0,0.0,0.0,37.0,0.0,0.0,0.0,0.0,0.0,0.0,0.0,0.0,0.0,0.0,0.0,0.0,0.0,37.0,0.0,0.0,0.0,0.0,0.0,0.0,0.0,0.0,0.0,0.0,0.0,114.0,0.0,0.0,0.0,0.0,0.0,0.0,0.0,0.0,0.0,0.0,117.0,0.0,0.0,0.0,0.0,0.0,0.0,0.0,0.0,0.0,0.0,0.0,0.0,117.0,0.0
WATCHMEN.2,0.0,0.0,0.0,0.0,0.0,0.0,0.0,37.0,0.0,0.0,0.0,0.0,0.0,0.0,0.0,0.0,0.0,0.0,0.0,0.0,0.0,37.0,0.0,0.0,0.0,0.0,0.0,0.0,0.0,0.0,0.0,0.0,0.0,114.0,0.0,0.0,0.0,0.0,0.0,0.0,0.0,0.0,0.0,0.0,117.0,0.0,0.0,0.0,0.0,0.0,0.0,0.0,0.0,0.0,0.0,0.0,117.0,0.0,0.0
YoungMartius,0.0,0.0,0.0,0.0,210.0,0.0,0.0,210.0,0.0,0.0,0.0,0.0,0.0,0.0,0.0,0.0,0.0,0.0,0.0,0.0,0.0,210.0,0.0,0.0,0.0,0.0,0.0,0.0,0.0,0.0,0.0,0.0,0.0,0.0,0.0,0.0,0.0,0.0,0.0,0.0,0.0,0.0,0.0,0.0,210.0,0.0,0.0,0.0,0.0,0.0,0.0,0.0,0.0,210.0,210.0,210.0,0.0,0.0,0.0
