,ATTENDANTS,ATTENDANTS.0.1,ATTENDANTS.3,ATTENDANTS.CLOTEN.1,ATTENDANTS.CLOTEN.2,Arviragus,Belarius,Cloten,Cornelius,Cymbeline,Dutchman,Frenchman,GHOSTS.BROTHERS.1,GHOSTS.BROTHERS.2,GHOSTS.Father,GHOSTS.Mother,Guiderius,Iachimo,Imogen,JAILERS.1,JAILERS.2,Jupiter,LADIES.IMOGEN,LADIES.QUEEN,Lucius,MESSENGERS.1,MESSENGERS.2,MUSICIANS,Philario,Pisanio,Posthumus,Queen,SOLDIERS.BRITON,SOLDIERS.BRITON.0,SOLDIERS.ROMAN,Soothsayer,Spaniard
ATTENDANTS,0,15,0,36,36,586,586,202,559,869,0,0,0,0,0,0,586,506,554,0,0,0,0,559,620,2,0,0,0,629,514,223,506,586,506,506,0
ATTENDANTS.0.1,15,0,0,0,0,0,0,15,0,15,0,0,0,0,0,0,0,0,0,0,0,0,0,0,0,0,0,0,0,0,0,15,0,0,0,0,0
ATTENDANTS.3,0,0,0,0,0,0,0,0,0,0,0,0,0,0,0,0,0,0,0,0,0,0,0,0,0,0,0,0,0,0,71,0,0,0,71,0,0
ATTENDANTS.CLOTEN.1,36,0,0,0,161,0,0,161,0,36,0,0,0,0,0,0,0,0,0,0,0,0,0,0,0,2,0,20,0,0,0,36,0,0,0,0,0
ATTENDANTS.CLOTEN.2,36,0,0,161,0,0,0,161,0,36,0,0,0,0,0,0,0,0,0,0,0,0,0,0,0,2,0,20,0,0,0,36,0,0,0,0,0
Arviragus,586,0,0,0,0,0,1086,10,559,590,0,0,0,0,0,0,1081,506,747,0,0,0,0,559,506,0,0,0,0,586,506,0,510,586,510,506,0
Belarius,586,0,0,0,0,1086,0,10,559,590,0,0,0,0,0,0,1068,506,718,0,0,0,0,559,506,0,0,0,0,586,506,0,510,586,510,506,0
Cloten,202,15,0,161,161,10,10,0,0,192,0,0,0,0,0,0,54,0,82,0,0,0,15,0,114,2,0,20,0,84,0,202,0,0,0,0,0
Cornelius,559,0,0,0,0,559,559,0,0,559,0,0,0,0,0,0,559,506,506,0,0,0,0,563,506,0,0,0,0,582,506,54,506,559,506,506,0
Cymbeline,869,15,0,36,36,590,590,192,559,0,0,0,0,0,0,0,590,506,554,0,0,0,0,559,620,2,0,0,0,629,514,203,510,586,510,506,0
Dutchman,0,0,0,0,0,0,0,0,0,0,0,181,0,0,0,0,0,178,0,0,0,0,0,0,0,0,0,0,181,0,150,0,0,0,0,0,181
Frenchman,0,0,0,0,0,0,0,0,0,0,181,0,0,0,0,0,0,178,0,0,0,0,0,0,0,0,0,0,181,0,150,0,0,0,0,0,181
GHOSTS.BROTHERS.1,0,0,0,0,0,0,0,0,0,0,0,0,0,94,94,94,0,0,0,0,0,21,0,0,0,0,0,0,0,0,94,0,0,94,0,0,0
GHOSTS.BROTHERS.2,0,0,0,0,0,0,0,0,0,0,0,0,94,0,94,94,0,0,0,0,0,21,0,0,0,0,0,0,0,0,94,0,0,94,0,0,0
GHOSTS.Father,0,0,0,0,0,0,0,0,0,0,0,0,94,94,0,94,0,0,0,0,0,21,0,0,0,0,0,0,0,0,94,0,0,94,0,0,0
GHOSTS.Mother,0,0,0,0,0,0,0,0,0,0,0,0,94,94,94,0,0,0,0,0,0,21,0,0,0,0,0,0,0,0,94,0,0,94,0,0,0
Guiderius,586,0,0,0,0,1081,1068,54,559,590,0,0,0,0,0,0,0,506,747,0,0,0,0,559,506,0,0,0,0,586,506,0,510,586,510,506,0
Iachimo,506,0,0,0,0,506,506,0,506,506,178,178,0,0,0,0,506,0,789,0,0,0,0,506,512,0,0,0,344,561,817,0,506,506,512,506,178
Imogen,554,0,0,0,0,747,718,82,506,554,0,0,0,0,0,0,747,789,0,0,0,0,15,506,593,0,0,0,0,937,580,61,506,506,593,587,0
JAILERS.1,0,0,0,0,0,0,0,0,0,0,0,0,0,0,0,0,0,0,0,0,3,0,0,0,0,0,7,0,0,0,51,0,0,60,0,0,0
JAILERS.2,0,0,0,0,0,0,0,0,0,0,0,0,0,0,0,0,0,0,0,3,0,0,0,0,0,0,0,0,0,0,3,0,0,3,0,0,0
Jupiter,0,0,0,0,0,0,0,0,0,0,0,0,21,21,21,21,0,0,0,0,0,0,0,0,0,0,0,0,0,0,21,0,0,21,0,0,0
LADIES.IMOGEN,0,0,0,0,0,0,0,15,0,0,0,0,0,0,0,0,0,0,15,0,0,0,0,0,0,0,0,0,0,5,0,0,0,0,0,0,0
LADIES.QUEEN,559,0,0,0,0,559,559,0,563,559,0,0,0,0,0,0,559,506,506,0,0,0,0,0,506,0,0,0,0,563,506,8,506,559,506,506,0
Lucius,620,0,0,0,0,506,506,114,506,620,0,0,0,0,0,0,506,512,593,0,0,0,0,506,0,0,0,0,0,506,506,114,506,506,593,587,0
MESSENGERS.1,2,0,0,2,2,0,0,2,0,2,0,0,0,0,0,0,0,0,0,0,0,0,0,0,0,0,0,0,0,0,0,2,0,0,0,0,0
MESSENGERS.2,0,0,0,0,0,0,0,0,0,0,0,0,0,0,0,0,0,0,0,7,0,0,0,0,0,0,0,0,0,0,7,0,0,7,0,0,0
MUSICIANS,0,0,0,20,20,0,0,20,0,0,0,0,0,0,0,0,0,0,0,0,0,0,0,0,0,0,0,0,0,0,0,0,0,0,0,0,0
Philario,0,0,0,0,0,0,0,0,0,0,181,181,0,0,0,0,0,344,0,0,0,0,0,0,0,0,0,0,0,0,340,0,0,0,0,0,181
Pisanio,629,0,0,0,0,586,586,84,582,629,0,0,0,0,0,0,586,561,937,0,0,0,5,563,506,0,0,0,0,0,506,84,506,586,506,506,0
Posthumus,514,0,71,0,0,506,506,0,506,514,150,150,94,94,94,94,506,817,580,51,3,21,0,506,506,0,7,0,340,506,0,23,520,707,612,506,150
Queen,223,15,0,36,36,0,0,202,54,203,0,0,0,0,0,0,0,0,61,0,0,0,0,8,114,2,0,0,0,84,23,0,0,0,0,0,0
SOLDIERS.BRITON,506,0,0,0,0,510,510,0,506,510,0,0,0,0,0,0,510,506,506,0,0,0,0,506,506,0,0,0,0,506,520,0,0,506,524,506,0
SOLDIERS.BRITON.0,586,0,0,0,0,586,586,0,559,586,0,0,94,94,94,94,586,506,506,60,3,21,0,559,506,0,7,0,0,586,707,0,506,0,506,506,0
SOLDIERS.ROMAN,506,0,71,0,0,510,510,0,506,510,0,0,0,0,0,0,510,512,593,0,0,0,0,506,593,0,0,0,0,506,612,0,524,506,0,587,0
Soothsayer,506,0,0,0,0,506,506,0,506,506,0,0,0,0,0,0,506,506,587,0,0,0,0,506,587,0,0,0,0,506,506,0,506,506,587,0,0
Spaniard,0,0,0,0,0,0,0,0,0,0,181,181,0,0,0,0,0,178,0,0,0,0,0,0,0,0,0,0,181,0,150,0,0,0,0,0,0