,ATTENDANTS,ATTENDANTS.0,ATTENDANTS.ALBANY,ATTENDANTS.CORDELIA,ATTENDANTS.CORDELIA.1,ATTENDANTS.LEAR,ATTENDANTS.LEAR.0.3,ATTENDANTS.REGAN,ATTENDANTS.X.1,ATTENDANTS.X.2,ATTENDANTS.X.3,ATTENDANTS.X.4,Albany,Burgundy,Cordelia,Cornwall,Curan,Doctor,Edgar,Edmund,Fool,France,Gloucester,Goneril,Herald,Kent,Lear,MESSENGERS.X.1,MESSENGERS.X.2,MESSENGERS.X.3,OldMan,Oswald,Regan,SERVANTS,SERVANTS.0,SERVANTS.CORDELIA,SOLDIERS,SOLDIERS.CAPTAINS.1,SOLDIERS.CAPTAINS.2,SOLDIERS.CORDELIA,SOLDIERS.GONERIL,SOLDIERS.REGAN
ATTENDANTS,0.0,96.0,0.0,0.0,0.0,0.0,0.0,0.0,0.0,0.0,0.0,0.0,276.0,96.0,276.0,276.0,0.0,0.0,0.0,276.0,0.0,96.0,99.0,276.0,0.0,180.0,276.0,0.0,0.0,0.0,0.0,0.0,276.0,0.0,0.0,0.0,0.0,0.0,0.0,0.0,0.0,0.0
ATTENDANTS.0,96.0,0.0,13.0,32.0,233.0,295.0,3306.0,97.0,39.0,572.0,77.0,66.0,675.0,96.0,364.0,840.0,13.0,131.0,1041.0,1037.0,1257.0,115.0,1544.0,1037.0,266.0,1822.0,1703.0,35.0,10.0,38.0,49.0,659.0,1145.0,687.0,84.0,93.0,380.0,45.0,350.0,8.0,25.0,45.0
ATTENDANTS.ALBANY,0.0,13.0,0.0,0.0,0.0,0.0,13.0,0.0,0.0,0.0,0.0,0.0,13.0,0.0,0.0,0.0,0.0,0.0,13.0,13.0,0.0,0.0,0.0,0.0,13.0,1.0,0.0,0.0,0.0,0.0,0.0,0.0,0.0,0.0,0.0,0.0,13.0,0.0,13.0,0.0,0.0,0.0
ATTENDANTS.CORDELIA,0.0,32.0,0.0,0.0,0.0,0.0,32.0,0.0,0.0,0.0,0.0,0.0,0.0,0.0,32.0,0.0,0.0,32.0,0.0,0.0,0.0,0.0,0.0,0.0,0.0,0.0,0.0,0.0,10.0,0.0,0.0,0.0,0.0,0.0,0.0,0.0,0.0,0.0,0.0,8.0,0.0,0.0
ATTENDANTS.CORDELIA.1,0.0,233.0,0.0,0.0,0.0,0.0,233.0,0.0,0.0,0.0,0.0,0.0,88.0,0.0,187.0,0.0,0.0,99.0,123.0,0.0,0.0,0.0,35.0,88.0,88.0,198.0,181.0,0.0,0.0,38.0,0.0,0.0,88.0,0.0,0.0,93.0,88.0,0.0,88.0,0.0,0.0,0.0
ATTENDANTS.LEAR,0.0,295.0,0.0,0.0,0.0,0.0,254.0,0.0,0.0,0.0,0.0,0.0,37.0,0.0,0.0,0.0,0.0,0.0,0.0,0.0,208.0,0.0,0.0,110.0,0.0,295.0,295.0,0.0,0.0,0.0,0.0,18.0,0.0,0.0,0.0,0.0,0.0,0.0,0.0,0.0,0.0,0.0
ATTENDANTS.LEAR.0.3,0.0,3306.0,13.0,32.0,233.0,254.0,0.0,97.0,39.0,572.0,77.0,66.0,579.0,0.0,249.0,744.0,13.0,131.0,995.0,749.0,1257.0,0.0,1347.0,866.0,266.0,1773.0,1566.0,35.0,10.0,38.0,49.0,628.0,1003.0,687.0,84.0,93.0,380.0,45.0,350.0,8.0,25.0,45.0
ATTENDANTS.REGAN,0.0,97.0,0.0,0.0,0.0,0.0,97.0,0.0,0.0,0.0,0.0,0.0,25.0,0.0,0.0,52.0,0.0,0.0,3.0,97.0,0.0,0.0,52.0,25.0,0.0,0.0,0.0,0.0,0.0,0.0,0.0,0.0,97.0,0.0,0.0,0.0,0.0,0.0,0.0,0.0,25.0,45.0
ATTENDANTS.X.1,0.0,39.0,0.0,0.0,0.0,0.0,39.0,0.0,0.0,0.0,0.0,0.0,0.0,0.0,0.0,0.0,0.0,0.0,0.0,0.0,39.0,0.0,0.0,0.0,0.0,7.0,39.0,0.0,0.0,0.0,0.0,0.0,0.0,0.0,0.0,0.0,0.0,0.0,0.0,0.0,0.0,0.0
ATTENDANTS.X.2,0.0,572.0,0.0,0.0,0.0,0.0,572.0,0.0,0.0,0.0,0.0,0.0,0.0,0.0,0.0,374.0,0.0,0.0,0.0,0.0,572.0,0.0,456.0,222.0,0.0,572.0,535.0,0.0,0.0,0.0,0.0,236.0,374.0,374.0,0.0,0.0,0.0,0.0,0.0,0.0,0.0,0.0
ATTENDANTS.X.3,0.0,77.0,0.0,0.0,0.0,0.0,77.0,0.0,0.0,0.0,0.0,0.0,0.0,0.0,0.0,0.0,0.0,0.0,0.0,0.0,0.0,0.0,0.0,0.0,0.0,77.0,0.0,0.0,0.0,0.0,0.0,0.0,0.0,0.0,0.0,0.0,0.0,0.0,0.0,0.0,0.0,0.0
ATTENDANTS.X.4,0.0,66.0,0.0,0.0,0.0,0.0,66.0,0.0,0.0,0.0,0.0,0.0,0.0,0.0,0.0,0.0,0.0,0.0,0.0,0.0,0.0,0.0,0.0,0.0,0.0,66.0,0.0,0.0,0.0,0.0,0.0,0.0,0.0,0.0,0.0,0.0,0.0,0.0,0.0,0.0,0.0,0.0
Albany,276.0,675.0,13.0,0.0,88.0,37.0,579.0,25.0,0.0,0.0,0.0,0.0,0.0,96.0,364.0,276.0,0.0,0.0,270.0,568.0,69.0,96.0,99.0,735.0,266.0,340.0,421.0,35.0,0.0,38.0,0.0,8.0,496.0,0.0,0.0,0.0,350.0,0.0,350.0,0.0,25.0,25.0
Burgundy,96.0,96.0,0.0,0.0,0.0,0.0,0.0,0.0,0.0,0.0,0.0,0.0,96.0,0.0,96.0,96.0,0.0,0.0,0.0,96.0,0.0,96.0,96.0,96.0,0.0,0.0,96.0,0.0,0.0,0.0,0.0,0.0,96.0,0.0,0.0,0.0,0.0,0.0,0.0,0.0,0.0,0.0
Cordelia,276.0,364.0,0.0,32.0,187.0,0.0,249.0,0.0,0.0,0.0,0.0,0.0,364.0,96.0,0.0,276.0,0.0,131.0,88.0,306.0,0.0,115.0,99.0,383.0,88.0,367.0,469.0,0.0,10.0,38.0,0.0,0.0,383.0,0.0,0.0,75.0,118.0,30.0,88.0,8.0,0.0,0.0
Cornwall,276.0,840.0,0.0,0.0,0.0,0.0,744.0,52.0,0.0,374.0,0.0,0.0,276.0,96.0,276.0,0.0,0.0,0.0,0.0,499.0,374.0,96.0,764.0,574.0,0.0,675.0,650.0,0.0,0.0,0.0,0.0,417.0,994.0,666.0,84.0,0.0,0.0,0.0,0.0,0.0,0.0,0.0
Curan,0.0,13.0,0.0,0.0,0.0,0.0,13.0,0.0,0.0,0.0,0.0,0.0,0.0,0.0,0.0,0.0,0.0,0.0,0.0,13.0,0.0,0.0,0.0,0.0,0.0,0.0,0.0,0.0,0.0,0.0,0.0,0.0,0.0,0.0,0.0,0.0,0.0,0.0,0.0,0.0,0.0,0.0
Doctor,0.0,131.0,0.0,32.0,99.0,0.0,131.0,0.0,0.0,0.0,0.0,0.0,0.0,0.0,131.0,0.0,0.0,0.0,0.0,0.0,0.0,0.0,0.0,0.0,0.0,99.0,75.0,0.0,10.0,0.0,0.0,0.0,0.0,0.0,0.0,75.0,0.0,0.0,0.0,8.0,0.0,0.0
Edgar,0.0,1041.0,13.0,0.0,123.0,0.0,995.0,3.0,0.0,0.0,0.0,0.0,270.0,0.0,88.0,0.0,0.0,0.0,0.0,233.0,253.0,0.0,507.0,168.0,256.0,397.0,466.0,0.0,0.0,38.0,49.0,64.0,114.0,0.0,0.0,18.0,256.0,0.0,256.0,0.0,3.0,3.0
Edmund,276.0,1037.0,13.0,0.0,0.0,0.0,749.0,97.0,0.0,0.0,0.0,0.0,568.0,96.0,306.0,499.0,13.0,0.0,233.0,0.0,0.0,96.0,485.0,526.0,178.0,369.0,306.0,0.0,0.0,0.0,0.0,157.0,625.0,156.0,0.0,0.0,292.0,45.0,262.0,0.0,25.0,45.0
Fool,0.0,1257.0,0.0,0.0,0.0,208.0,1257.0,0.0,39.0,572.0,0.0,0.0,69.0,0.0,0.0,374.0,0.0,0.0,253.0,0.0,0.0,0.0,553.0,364.0,0.0,1122.0,1190.0,0.0,0.0,0.0,0.0,236.0,374.0,374.0,0.0,0.0,0.0,0.0,0.0,0.0,0.0,0.0
France,96.0,115.0,0.0,0.0,0.0,0.0,0.0,0.0,0.0,0.0,0.0,0.0,96.0,96.0,115.0,96.0,0.0,0.0,0.0,96.0,0.0,0.0,96.0,115.0,0.0,0.0,96.0,0.0,0.0,0.0,0.0,0.0,115.0,0.0,0.0,0.0,0.0,0.0,0.0,0.0,0.0,0.0
Gloucester,99.0,1544.0,0.0,0.0,35.0,0.0,1347.0,52.0,0.0,456.0,0.0,0.0,99.0,96.0,99.0,764.0,0.0,0.0,507.0,485.0,553.0,96.0,0.0,355.0,0.0,724.0,777.0,0.0,0.0,0.0,49.0,455.0,764.0,624.0,84.0,18.0,0.0,0.0,0.0,0.0,0.0,0.0
Goneril,276.0,1037.0,0.0,0.0,88.0,110.0,866.0,25.0,0.0,222.0,0.0,0.0,735.0,96.0,383.0,574.0,0.0,0.0,168.0,526.0,364.0,115.0,355.0,0.0,175.0,623.0,716.0,23.0,0.0,38.0,0.0,353.0,840.0,298.0,0.0,0.0,259.0,0.0,259.0,0.0,25.0,25.0
Herald,0.0,266.0,13.0,0.0,88.0,0.0,266.0,0.0,0.0,0.0,0.0,0.0,266.0,0.0,88.0,0.0,0.0,0.0,256.0,178.0,0.0,0.0,0.0,175.0,0.0,123.0,88.0,0.0,0.0,38.0,0.0,0.0,111.0,0.0,0.0,0.0,266.0,0.0,266.0,0.0,0.0,0.0
Kent,180.0,1822.0,1.0,0.0,198.0,295.0,1773.0,0.0,7.0,572.0,77.0,66.0,340.0,0.0,367.0,675.0,0.0,99.0,397.0,369.0,1122.0,0.0,724.0,623.0,123.0,0.0,1527.0,0.0,0.0,38.0,0.0,419.0,786.0,495.0,0.0,75.0,123.0,0.0,123.0,0.0,0.0,0.0
Lear,276.0,1703.0,0.0,0.0,181.0,295.0,1566.0,0.0,39.0,535.0,0.0,0.0,421.0,96.0,469.0,650.0,0.0,75.0,466.0,306.0,1190.0,96.0,777.0,716.0,88.0,1527.0,0.0,0.0,0.0,38.0,0.0,254.0,738.0,374.0,0.0,93.0,118.0,30.0,88.0,0.0,0.0,0.0
MESSENGERS.X.1,0.0,35.0,0.0,0.0,0.0,0.0,35.0,0.0,0.0,0.0,0.0,0.0,35.0,0.0,0.0,0.0,0.0,0.0,0.0,0.0,0.0,0.0,0.0,23.0,0.0,0.0,0.0,0.0,0.0,0.0,0.0,0.0,0.0,0.0,0.0,0.0,0.0,0.0,0.0,0.0,0.0,0.0
MESSENGERS.X.2,0.0,10.0,0.0,10.0,0.0,0.0,10.0,0.0,0.0,0.0,0.0,0.0,0.0,0.0,10.0,0.0,0.0,10.0,0.0,0.0,0.0,0.0,0.0,0.0,0.0,0.0,0.0,0.0,0.0,0.0,0.0,0.0,0.0,0.0,0.0,0.0,0.0,0.0,0.0,0.0,0.0,0.0
MESSENGERS.X.3,0.0,38.0,0.0,0.0,38.0,0.0,38.0,0.0,0.0,0.0,0.0,0.0,38.0,0.0,38.0,0.0,0.0,0.0,38.0,0.0,0.0,0.0,0.0,38.0,38.0,38.0,38.0,0.0,0.0,0.0,0.0,0.0,38.0,0.0,0.0,0.0,38.0,0.0,38.0,0.0,0.0,0.0
OldMan,0.0,49.0,0.0,0.0,0.0,0.0,49.0,0.0,0.0,0.0,0.0,0.0,0.0,0.0,0.0,0.0,0.0,0.0,49.0,0.0,0.0,0.0,49.0,0.0,0.0,0.0,0.0,0.0,0.0,0.0,0.0,0.0,0.0,0.0,0.0,0.0,0.0,0.0,0.0,0.0,0.0,0.0
Oswald,0.0,659.0,0.0,0.0,0.0,18.0,628.0,0.0,0.0,236.0,0.0,0.0,8.0,0.0,0.0,417.0,0.0,0.0,64.0,157.0,236.0,0.0,455.0,353.0,0.0,419.0,254.0,0.0,0.0,0.0,0.0,0.0,462.0,417.0,0.0,0.0,0.0,0.0,0.0,0.0,0.0,0.0
Regan,276.0,1145.0,0.0,0.0,88.0,0.0,1003.0,97.0,0.0,374.0,0.0,0.0,496.0,96.0,383.0,994.0,0.0,0.0,114.0,625.0,374.0,115.0,764.0,840.0,111.0,786.0,738.0,0.0,0.0,38.0,0.0,462.0,0.0,666.0,84.0,0.0,195.0,0.0,195.0,0.0,25.0,45.0
SERVANTS,0.0,687.0,0.0,0.0,0.0,0.0,687.0,0.0,0.0,374.0,0.0,0.0,0.0,0.0,0.0,666.0,0.0,0.0,0.0,156.0,374.0,0.0,624.0,298.0,0.0,495.0,374.0,0.0,0.0,0.0,0.0,417.0,666.0,0.0,84.0,0.0,0.0,0.0,0.0,0.0,0.0,0.0
SERVANTS.0,0.0,84.0,0.0,0.0,0.0,0.0,84.0,0.0,0.0,0.0,0.0,0.0,0.0,0.0,0.0,84.0,0.0,0.0,0.0,0.0,0.0,0.0,84.0,0.0,0.0,0.0,0.0,0.0,0.0,0.0,0.0,0.0,84.0,84.0,0.0,0.0,0.0,0.0,0.0,0.0,0.0,0.0
SERVANTS.CORDELIA,0.0,93.0,0.0,0.0,93.0,0.0,93.0,0.0,0.0,0.0,0.0,0.0,0.0,0.0,75.0,0.0,0.0,75.0,18.0,0.0,0.0,0.0,18.0,0.0,0.0,75.0,93.0,0.0,0.0,0.0,0.0,0.0,0.0,0.0,0.0,0.0,0.0,0.0,0.0,0.0,0.0,0.0
SOLDIERS,0.0,380.0,13.0,0.0,88.0,0.0,380.0,0.0,0.0,0.0,0.0,0.0,350.0,0.0,118.0,0.0,0.0,0.0,256.0,292.0,0.0,0.0,0.0,259.0,266.0,123.0,118.0,0.0,0.0,38.0,0.0,0.0,195.0,0.0,0.0,0.0,0.0,30.0,350.0,0.0,0.0,0.0
SOLDIERS.CAPTAINS.1,0.0,45.0,0.0,0.0,0.0,0.0,45.0,0.0,0.0,0.0,0.0,0.0,0.0,0.0,30.0,0.0,0.0,0.0,0.0,45.0,0.0,0.0,0.0,0.0,0.0,0.0,30.0,0.0,0.0,0.0,0.0,0.0,0.0,0.0,0.0,0.0,30.0,0.0,0.0,0.0,0.0,0.0
SOLDIERS.CAPTAINS.2,0.0,350.0,13.0,0.0,88.0,0.0,350.0,0.0,0.0,0.0,0.0,0.0,350.0,0.0,88.0,0.0,0.0,0.0,256.0,262.0,0.0,0.0,0.0,259.0,266.0,123.0,88.0,0.0,0.0,38.0,0.0,0.0,195.0,0.0,0.0,0.0,350.0,0.0,0.0,0.0,0.0,0.0
SOLDIERS.CORDELIA,0.0,8.0,0.0,8.0,0.0,0.0,8.0,0.0,0.0,0.0,0.0,0.0,0.0,0.0,8.0,0.0,0.0,8.0,0.0,0.0,0.0,0.0,0.0,0.0,0.0,0.0,0.0,0.0,0.0,0.0,0.0,0.0,0.0,0.0,0.0,0.0,0.0,0.0,0.0,0.0,0.0,0.0
SOLDIERS.GONERIL,0.0,25.0,0.0,0.0,0.0,0.0,25.0,25.0,0.0,0.0,0.0,0.0,25.0,0.0,0.0,0.0,0.0,0.0,3.0,25.0,0.0,0.0,0.0,25.0,0.0,0.0,0.0,0.0,0.0,0.0,0.0,0.0,25.0,0.0,0.0,0.0,0.0,0.0,0.0,0.0,0.0,25.0
SOLDIERS.REGAN,0.0,45.0,0.0,0.0,0.0,0.0,45.0,45.0,0.0,0.0,0.0,0.0,25.0,0.0,0.0,0.0,0.0,0.0,3.0,45.0,0.0,0.0,0.0,25.0,0.0,0.0,0.0,0.0,0.0,0.0,0.0,0.0,45.0,0.0,0.0,0.0,0.0,0.0,0.0,0.0,25.0,0.0
