,ATTENDANTS,Abhorson,Angelo,Barnardine,Bawd,Boy,CITIZENS,Claudio,Duke,Elbow,Escalus,FriarPeter,FriarThomas,Froth,GENTLEMEN.1,GENTLEMEN.2,Isabella,Juliet,Justice,Lucio,Mariana,Messenger,Nun,OFFICERS,OFFICERS.0.1,OFFICERS.0.2,OFFICERS.1,Pompey,Provost,SERVANTS,SERVANTS.1,Varrius
ATTENDANTS,0.0,0.0,653.0,66.0,0.0,0.0,613.0,66.0,674.0,0.0,703.0,568.0,0.0,0.0,0.0,0.0,424.0,66.0,0.0,598.0,396.0,0.0,0.0,598.0,296.0,296.0,0.0,0.0,552.0,0.0,0.0,613.0
Abhorson,0.0,0.0,0.0,27.0,0.0,0.0,0.0,0.0,20.0,0.0,0.0,0.0,0.0,0.0,0.0,0.0,0.0,0.0,0.0,0.0,0.0,0.0,0.0,0.0,0.0,0.0,39.0,88.0,23.0,0.0,0.0,0.0
Angelo,653.0,0.0,0.0,66.0,0.0,0.0,588.0,66.0,624.0,101.0,819.0,568.0,0.0,101.0,0.0,0.0,715.0,66.0,145.0,736.0,396.0,0.0,0.0,674.0,271.0,271.0,0.0,101.0,748.0,145.0,9.0,588.0
Barnardine,66.0,27.0,66.0,0.0,0.0,0.0,66.0,66.0,84.0,0.0,66.0,66.0,0.0,0.0,0.0,0.0,66.0,66.0,0.0,51.0,66.0,0.0,0.0,51.0,66.0,66.0,0.0,27.0,66.0,0.0,0.0,66.0
Bawd,0.0,0.0,0.0,0.0,0.0,0.0,0.0,4.0,17.0,0.0,17.0,0.0,0.0,0.0,35.0,35.0,0.0,4.0,0.0,35.0,0.0,0.0,0.0,21.0,0.0,0.0,0.0,30.0,21.0,0.0,0.0,0.0
Boy,0.0,0.0,0.0,0.0,0.0,0.0,0.0,0.0,3.0,0.0,0.0,0.0,0.0,0.0,0.0,0.0,0.0,0.0,0.0,0.0,9.0,0.0,0.0,0.0,0.0,0.0,0.0,0.0,0.0,0.0,0.0,0.0
CITIZENS,613.0,0.0,588.0,66.0,0.0,0.0,0.0,66.0,593.0,0.0,613.0,568.0,0.0,0.0,0.0,0.0,424.0,66.0,0.0,598.0,396.0,0.0,0.0,598.0,296.0,296.0,0.0,0.0,552.0,0.0,0.0,613.0
Claudio,66.0,0.0,66.0,66.0,4.0,0.0,66.0,0.0,154.0,0.0,66.0,66.0,0.0,0.0,0.0,73.0,217.0,151.0,0.0,124.0,66.0,0.0,0.0,136.0,66.0,66.0,10.0,4.0,224.0,0.0,0.0,66.0
Duke,674.0,20.0,624.0,84.0,17.0,3.0,593.0,154.0,0.0,85.0,744.0,559.0,58.0,0.0,0.0,0.0,666.0,101.0,0.0,755.0,421.0,8.0,0.0,680.0,296.0,296.0,0.0,105.0,914.0,0.0,0.0,596.0
Elbow,0.0,0.0,101.0,0.0,0.0,0.0,0.0,0.0,85.0,0.0,239.0,0.0,0.0,175.0,0.0,0.0,0.0,0.0,239.0,44.0,0.0,0.0,0.0,324.0,0.0,0.0,0.0,305.0,0.0,239.0,0.0,0.0
Escalus,703.0,0.0,819.0,66.0,17.0,0.0,613.0,66.0,744.0,239.0,0.0,568.0,0.0,175.0,0.0,0.0,424.0,66.0,295.0,598.0,396.0,0.0,0.0,854.0,296.0,296.0,0.0,220.0,629.0,295.0,0.0,613.0
FriarPeter,568.0,0.0,568.0,66.0,0.0,0.0,568.0,66.0,559.0,0.0,568.0,0.0,0.0,0.0,0.0,0.0,407.0,66.0,0.0,553.0,404.0,0.0,0.0,553.0,271.0,271.0,0.0,0.0,532.0,0.0,0.0,568.0
FriarThomas,0.0,0.0,0.0,0.0,0.0,0.0,0.0,0.0,58.0,0.0,0.0,0.0,0.0,0.0,0.0,0.0,0.0,0.0,0.0,0.0,0.0,0.0,0.0,0.0,0.0,0.0,0.0,0.0,0.0,0.0,0.0,0.0
Froth,0.0,0.0,101.0,0.0,0.0,0.0,0.0,0.0,0.0,175.0,175.0,0.0,0.0,0.0,0.0,0.0,0.0,0.0,175.0,0.0,0.0,0.0,0.0,175.0,0.0,0.0,0.0,175.0,0.0,175.0,0.0,0.0
GENTLEMEN.1,0.0,0.0,0.0,0.0,35.0,0.0,0.0,0.0,0.0,0.0,0.0,0.0,0.0,0.0,0.0,78.0,0.0,0.0,0.0,78.0,0.0,0.0,0.0,0.0,0.0,0.0,0.0,0.0,0.0,0.0,0.0,0.0
GENTLEMEN.2,0.0,0.0,0.0,0.0,35.0,0.0,0.0,73.0,0.0,0.0,0.0,0.0,0.0,0.0,78.0,0.0,0.0,73.0,0.0,151.0,0.0,0.0,0.0,73.0,0.0,0.0,0.0,0.0,73.0,0.0,0.0,0.0
Isabella,424.0,0.0,715.0,66.0,0.0,0.0,424.0,217.0,666.0,0.0,424.0,407.0,0.0,0.0,0.0,0.0,0.0,66.0,0.0,666.0,320.0,0.0,100.0,409.0,296.0,296.0,0.0,0.0,567.0,0.0,0.0,424.0
Juliet,66.0,0.0,66.0,66.0,4.0,0.0,66.0,151.0,101.0,0.0,66.0,66.0,0.0,0.0,0.0,73.0,66.0,0.0,0.0,124.0,66.0,0.0,0.0,136.0,66.0,66.0,0.0,4.0,190.0,0.0,0.0,66.0
Justice,0.0,0.0,145.0,0.0,0.0,0.0,0.0,0.0,0.0,239.0,295.0,0.0,0.0,175.0,0.0,0.0,0.0,0.0,0.0,0.0,0.0,0.0,0.0,239.0,0.0,0.0,0.0,220.0,7.0,295.0,0.0,0.0
Lucio,598.0,0.0,736.0,51.0,35.0,0.0,598.0,124.0,755.0,44.0,598.0,553.0,0.0,0.0,78.0,151.0,666.0,124.0,0.0,0.0,381.0,0.0,84.0,715.0,281.0,281.0,0.0,44.0,773.0,0.0,0.0,598.0
Mariana,396.0,0.0,396.0,66.0,0.0,9.0,396.0,66.0,421.0,0.0,396.0,404.0,0.0,0.0,0.0,0.0,320.0,66.0,0.0,381.0,0.0,0.0,0.0,381.0,271.0,271.0,0.0,0.0,360.0,0.0,0.0,396.0
Messenger,0.0,0.0,0.0,0.0,0.0,0.0,0.0,0.0,8.0,0.0,0.0,0.0,0.0,0.0,0.0,0.0,0.0,0.0,0.0,0.0,0.0,0.0,0.0,0.0,0.0,0.0,0.0,0.0,8.0,0.0,0.0,0.0
Nun,0.0,0.0,0.0,0.0,0.0,0.0,0.0,0.0,0.0,0.0,0.0,0.0,0.0,0.0,0.0,0.0,100.0,0.0,0.0,84.0,0.0,0.0,0.0,0.0,0.0,0.0,0.0,0.0,0.0,0.0,0.0,0.0
OFFICERS,598.0,0.0,674.0,51.0,21.0,0.0,598.0,136.0,680.0,324.0,854.0,553.0,0.0,175.0,0.0,73.0,409.0,136.0,239.0,715.0,381.0,0.0,0.0,0.0,281.0,281.0,0.0,309.0,639.0,239.0,0.0,598.0
OFFICERS.0.1,296.0,0.0,271.0,66.0,0.0,0.0,296.0,66.0,296.0,0.0,296.0,271.0,0.0,0.0,0.0,0.0,296.0,66.0,0.0,281.0,271.0,0.0,0.0,281.0,0.0,296.0,0.0,0.0,263.0,0.0,0.0,296.0
OFFICERS.0.2,296.0,0.0,271.0,66.0,0.0,0.0,296.0,66.0,296.0,0.0,296.0,271.0,0.0,0.0,0.0,0.0,296.0,66.0,0.0,281.0,271.0,0.0,0.0,281.0,296.0,0.0,0.0,0.0,263.0,0.0,0.0,296.0
OFFICERS.1,0.0,39.0,0.0,0.0,0.0,0.0,0.0,10.0,0.0,0.0,0.0,0.0,0.0,0.0,0.0,0.0,0.0,0.0,0.0,0.0,0.0,0.0,0.0,0.0,0.0,0.0,0.0,59.0,54.0,0.0,0.0,0.0
Pompey,0.0,88.0,101.0,27.0,30.0,0.0,0.0,4.0,105.0,305.0,220.0,0.0,0.0,175.0,0.0,0.0,0.0,4.0,220.0,44.0,0.0,0.0,0.0,309.0,0.0,0.0,59.0,0.0,47.0,220.0,0.0,0.0
Provost,552.0,23.0,748.0,66.0,21.0,0.0,552.0,224.0,914.0,0.0,629.0,532.0,0.0,0.0,0.0,73.0,567.0,190.0,7.0,773.0,360.0,8.0,0.0,639.0,263.0,263.0,54.0,47.0,0.0,7.0,10.0,552.0
SERVANTS,0.0,0.0,145.0,0.0,0.0,0.0,0.0,0.0,0.0,239.0,295.0,0.0,0.0,175.0,0.0,0.0,0.0,0.0,295.0,0.0,0.0,0.0,0.0,239.0,0.0,0.0,0.0,220.0,7.0,0.0,0.0,0.0
SERVANTS.1,0.0,0.0,9.0,0.0,0.0,0.0,0.0,0.0,0.0,0.0,0.0,0.0,0.0,0.0,0.0,0.0,0.0,0.0,0.0,0.0,0.0,0.0,0.0,0.0,0.0,0.0,0.0,0.0,10.0,0.0,0.0,0.0
Varrius,613.0,0.0,588.0,66.0,0.0,0.0,613.0,66.0,596.0,0.0,613.0,568.0,0.0,0.0,0.0,0.0,424.0,66.0,0.0,598.0,396.0,0.0,0.0,598.0,296.0,296.0,0.0,0.0,552.0,0.0,0.0,0.0
