,ATTENDANTS,ATTENDANTS.0,ATTENDANTS.0.1,ATTENDANTS.RICHMOND,Archbishop,BISHOPS,BishopOfEly,Blunt,Brakenbury,Brandon,Buckingham,CITIZENS,CITIZENS.0,Cardinal,Catesby,Clarence,ClarencesBoy,ClarencesDaughter,Dorset,DuchessOfYork,EdwardIV,EdwardV,GENTLEMEN,GUARDS,Grey,Hastings,HenryVI,HenryVII,Herbert,Jailer,LadyAnne,Lovell,MESSENGERS.1,MESSENGERS.2,MESSENGERS.3,MESSENGERS.4,MESSENGERS.X.1,MESSENGERS.X.2,MESSENGERS.X.3,MURDERERS.1,MURDERERS.2,MayorOfLondon,Norfolk,Oxford,PrinceEdward,Pursuivant,QueenElizabeth,QueenMargaret,Ratcliffe,RichardIII,Rivers,SOLDIERS.RICHARD,SOLDIERS.RICHMOND,Scales,Scrivener,Sheriff,SirChristopher,SirJohn,Stanley,Surrey,Tyrrel,Vaughan,Woodeville,York
ATTENDANTS,0,767,44,0,0,0,69,0,0,0,282,0,552,119,562,0,0,0,0,66,0,153,0,0,0,175,0,0,0,0,0,203,42,37,34,21,0,0,0,0,0,135,80,0,0,0,314,0,317,747,0,0,0,0,0,0,0,0,199,0,17,0,0,58
ATTENDANTS.0,767,0,44,91,0,154,69,52,17,94,718,193,1390,101,855,9,0,110,204,306,0,144,0,56,33,329,7,332,119,0,119,319,42,37,34,21,0,35,10,0,0,386,185,119,8,13,554,129,632,1439,33,299,96,0,14,30,21,5,394,19,56,33,0,67
ATTENDANTS.0.1,44,44,0,0,0,0,0,0,0,0,28,0,44,0,44,0,0,0,0,0,0,0,0,0,0,0,0,0,0,0,0,44,0,0,0,0,0,0,0,0,0,0,0,0,0,0,0,0,44,44,0,0,0,0,0,0,0,0,0,0,0,0,0,0
ATTENDANTS.RICHMOND,0,91,0,0,0,0,0,0,0,0,0,0,91,0,0,0,0,0,0,0,0,0,0,0,0,0,0,91,0,0,0,0,0,0,0,0,0,0,0,0,0,0,0,0,0,0,0,0,0,0,0,0,41,0,0,0,0,0,41,0,0,0,0,0
Archbishop,0,0,0,0,0,0,0,0,0,0,0,0,0,0,0,0,0,0,0,80,0,0,0,0,0,0,0,0,0,0,0,0,0,0,0,0,40,0,0,0,0,0,0,0,0,0,80,0,0,0,0,0,0,0,0,0,0,0,0,0,0,0,0,80
BISHOPS,0,154,0,0,0,0,0,0,0,0,148,154,21,0,154,0,0,0,0,0,0,0,0,0,0,0,0,0,0,0,0,0,0,0,0,0,0,0,0,0,0,154,0,0,0,0,0,0,0,154,0,0,0,0,0,0,0,0,0,0,0,0,0,0
BishopOfEly,69,69,0,0,0,0,0,0,0,0,56,0,0,0,0,0,0,0,0,0,0,0,0,0,0,69,0,0,0,0,0,69,0,0,0,0,0,0,0,0,0,0,69,0,0,0,0,0,69,35,0,0,0,0,0,0,0,0,69,0,0,0,0,0
Blunt,0,52,0,0,0,0,0,0,0,27,0,0,52,0,0,0,0,0,27,0,0,0,0,0,0,0,0,52,52,0,0,0,0,0,0,0,0,0,0,0,0,0,0,52,0,0,0,0,0,0,0,0,52,0,0,0,0,0,0,0,0,0,0,0
Brakenbury,0,17,0,0,0,0,0,0,0,0,0,0,17,0,0,103,0,17,17,17,0,0,0,78,0,0,0,0,0,25,17,0,0,0,0,0,0,0,0,17,17,0,0,0,0,0,17,0,0,78,0,0,0,0,0,0,0,0,0,0,0,0,0,0
Brandon,0,94,0,0,0,0,0,27,0,0,0,0,94,0,17,0,0,0,94,0,0,0,0,0,0,0,0,94,94,0,0,0,0,0,0,0,0,0,0,0,0,0,11,94,0,0,0,0,35,64,0,64,30,0,0,0,0,0,29,0,0,0,0,0
Buckingham,282,718,28,0,0,148,56,0,0,0,0,187,132,119,400,0,47,47,510,47,137,153,0,30,463,655,0,11,0,0,0,212,0,0,0,0,0,0,0,0,0,380,63,0,0,0,510,209,356,1084,510,11,0,137,0,30,0,0,514,0,0,0,137,58
CITIZENS,0,193,0,0,0,154,0,0,0,0,187,0,21,0,176,0,0,0,0,0,0,0,0,0,0,0,0,0,0,0,0,0,0,0,0,0,0,0,0,0,0,193,0,0,0,0,0,0,0,154,0,0,0,0,0,0,0,0,0,0,0,0,0,0
CITIZENS.0,552,1390,44,91,0,21,0,52,17,94,132,21,0,0,460,9,0,110,204,306,0,9,0,30,7,5,7,332,119,0,119,123,42,37,34,21,0,0,10,0,0,21,105,119,8,0,554,129,410,911,7,299,96,0,0,30,21,0,291,19,56,7,0,9
Cardinal,119,101,0,0,0,0,0,0,0,0,119,0,0,0,119,0,0,0,0,0,0,119,0,0,0,95,0,0,0,0,0,0,0,0,0,0,0,0,0,0,0,101,0,0,0,0,0,0,0,119,0,0,0,0,0,0,0,0,0,0,0,0,0,58
Catesby,562,855,44,0,0,154,0,0,0,17,400,176,460,119,0,0,0,0,22,66,0,153,0,0,5,161,0,17,17,0,0,62,8,8,8,8,0,0,0,0,0,315,17,17,0,1,319,0,111,789,5,23,0,0,0,0,0,0,42,0,0,0,0,58
Clarence,0,9,0,0,0,0,0,0,103,0,0,0,9,0,0,0,0,0,0,0,0,0,0,78,0,0,0,9,0,102,0,0,0,0,0,0,0,0,0,197,197,0,0,0,0,0,0,0,0,87,0,9,0,0,0,0,0,0,0,0,0,0,0,0
ClarencesBoy,0,0,0,0,0,0,0,0,0,0,47,0,0,0,0,0,0,150,116,150,0,0,0,0,0,47,0,0,0,0,0,0,0,0,0,0,0,0,0,0,0,0,0,0,0,0,116,0,47,47,116,0,0,0,0,0,0,0,47,0,0,0,0,0
ClarencesDaughter,0,110,0,0,0,0,0,0,17,0,47,0,110,0,0,0,150,0,226,260,0,0,0,0,0,47,0,0,0,0,110,0,0,0,0,0,0,0,0,0,0,0,0,0,0,0,226,0,47,47,116,0,0,0,0,0,0,0,128,0,0,0,0,0
Dorset,0,204,0,0,0,0,0,27,17,94,510,0,204,0,22,0,116,226,0,226,137,0,0,0,480,485,0,94,94,0,110,0,0,0,0,0,0,0,0,0,0,0,11,94,0,0,706,209,172,502,596,64,30,137,0,0,0,0,523,0,0,0,137,0
DuchessOfYork,66,306,0,0,80,0,0,0,17,0,47,0,306,0,66,0,150,260,226,0,0,0,0,0,0,47,0,0,0,0,110,0,0,0,0,0,40,0,0,0,0,0,0,0,0,0,502,120,47,113,116,0,0,0,0,0,0,0,128,0,0,0,0,80
EdwardIV,0,0,0,0,0,0,0,0,0,0,137,0,0,0,0,0,0,0,137,0,0,0,0,0,137,137,0,0,0,0,0,0,0,0,0,0,0,0,0,0,0,0,0,0,0,0,137,0,90,90,137,0,0,137,0,0,0,0,40,0,0,0,137,0
EdwardV,153,144,0,0,0,0,0,0,0,0,153,0,9,119,153,0,0,0,0,0,0,0,0,0,0,95,0,9,0,0,0,0,0,0,0,0,0,0,0,0,0,135,0,0,0,0,0,0,0,162,0,9,0,0,0,0,0,0,0,0,0,0,0,67
GENTLEMEN,0,0,0,0,0,0,0,0,0,0,0,0,0,0,0,0,0,0,0,0,0,0,0,246,0,0,246,0,0,0,244,0,0,0,0,0,0,0,0,0,0,0,0,0,0,0,0,0,0,213,0,0,0,0,0,0,0,0,0,0,0,0,0,0
GUARDS,0,56,0,0,0,0,0,0,78,0,30,0,30,0,0,78,0,0,0,0,0,0,246,0,26,0,246,0,0,0,244,0,0,0,0,0,0,0,0,0,0,0,0,0,0,0,0,0,26,291,26,0,0,0,0,30,0,0,0,0,0,26,0,0
Grey,0,33,0,0,0,0,0,0,0,0,463,0,7,0,5,0,0,0,480,0,137,0,0,26,0,438,0,7,0,0,0,0,0,0,0,0,0,0,0,0,0,0,0,0,0,0,480,209,116,398,513,7,0,137,0,0,0,0,366,0,0,33,137,0
Hastings,175,329,0,0,0,0,69,0,0,0,655,0,5,95,161,0,47,47,485,47,137,95,0,0,438,0,0,5,0,0,0,109,0,0,0,0,0,30,0,0,0,95,80,0,0,13,485,209,246,603,485,5,0,137,0,0,0,5,491,0,0,0,137,58
HenryVI,0,7,0,0,0,0,0,0,0,0,0,0,7,0,0,0,0,0,0,0,0,0,246,246,0,0,0,7,0,0,244,0,0,0,0,0,0,0,0,0,0,0,0,0,0,0,0,0,0,220,0,7,0,0,0,0,0,0,0,0,0,0,0,0
HenryVII,0,332,0,91,0,0,0,52,0,94,11,0,332,0,17,9,0,0,94,0,0,9,0,0,7,5,7,0,119,0,9,0,0,0,0,0,0,0,0,0,0,0,11,119,8,0,0,0,52,186,7,186,96,0,0,0,0,0,70,0,0,7,0,9
Herbert,0,119,0,0,0,0,0,52,0,94,0,0,119,0,17,0,0,0,94,0,0,0,0,0,0,0,0,119,0,0,0,0,0,0,0,0,0,0,0,0,0,0,11,119,0,0,0,0,35,64,0,64,55,0,0,0,0,0,29,0,0,0,0,0
Jailer,0,0,0,0,0,0,0,0,25,0,0,0,0,0,0,102,0,0,0,0,0,0,0,0,0,0,0,0,0,0,0,0,0,0,0,0,0,0,0,17,17,0,0,0,0,0,0,0,0,0,0,0,0,0,0,0,0,0,0,0,0,0,0,0
LadyAnne,0,119,0,0,0,0,0,0,17,0,0,0,119,0,0,0,0,110,110,110,0,0,244,244,0,0,244,9,0,0,0,0,0,0,0,0,0,0,0,0,0,0,0,0,0,0,110,0,0,220,0,9,0,0,0,0,0,0,81,0,0,0,0,0
Lovell,203,319,44,0,0,0,69,0,0,0,212,0,123,0,62,0,0,0,0,0,0,0,0,0,0,109,0,0,0,0,0,0,0,0,0,0,0,0,0,0,0,51,80,0,0,0,0,0,319,252,0,0,0,0,0,0,0,0,155,0,17,0,0,0
MESSENGERS.1,42,42,0,0,0,0,0,0,0,0,0,0,42,0,8,0,0,0,0,0,0,0,0,0,0,0,0,0,0,0,0,0,0,37,34,21,0,0,0,0,0,0,0,0,0,0,0,0,42,42,0,0,0,0,0,0,0,0,0,0,0,0,0,0
MESSENGERS.2,37,37,0,0,0,0,0,0,0,0,0,0,37,0,8,0,0,0,0,0,0,0,0,0,0,0,0,0,0,0,0,0,37,0,34,21,0,0,0,0,0,0,0,0,0,0,0,0,37,37,0,0,0,0,0,0,0,0,0,0,0,0,0,0
MESSENGERS.3,34,34,0,0,0,0,0,0,0,0,0,0,34,0,8,0,0,0,0,0,0,0,0,0,0,0,0,0,0,0,0,0,34,34,0,21,0,0,0,0,0,0,0,0,0,0,0,0,34,34,0,0,0,0,0,0,0,0,0,0,0,0,0,0
MESSENGERS.4,21,21,0,0,0,0,0,0,0,0,0,0,21,0,8,0,0,0,0,0,0,0,0,0,0,0,0,0,0,0,0,0,21,21,21,0,0,0,0,0,0,0,0,0,0,0,0,0,21,21,0,0,0,0,0,0,0,0,0,0,0,0,0,0
MESSENGERS.X.1,0,0,0,0,40,0,0,0,0,0,0,0,0,0,0,0,0,0,0,40,0,0,0,0,0,0,0,0,0,0,0,0,0,0,0,0,0,0,0,0,0,0,0,0,0,0,40,0,0,0,0,0,0,0,0,0,0,0,0,0,0,0,0,40
MESSENGERS.X.2,0,35,0,0,0,0,0,0,0,0,0,0,0,0,0,0,0,0,0,0,0,0,0,0,0,30,0,0,0,0,0,0,0,0,0,0,0,0,0,0,0,0,0,0,0,0,0,0,0,0,0,0,0,0,0,0,0,0,0,0,0,0,0,0
MESSENGERS.X.3,0,10,0,0,0,0,0,0,0,0,0,0,10,0,0,0,0,0,0,0,0,0,0,0,0,0,0,0,0,0,0,0,0,0,0,0,0,0,0,0,0,0,10,0,0,0,0,0,10,10,0,10,0,0,0,0,0,0,0,0,0,0,0,0
MURDERERS.1,0,0,0,0,0,0,0,0,17,0,0,0,0,0,0,197,0,0,0,0,0,0,0,0,0,0,0,0,0,17,0,0,0,0,0,0,0,0,0,0,223,0,0,0,0,0,0,0,0,19,0,0,0,0,0,0,0,0,0,0,0,0,0,0
MURDERERS.2,0,0,0,0,0,0,0,0,17,0,0,0,0,0,0,197,0,0,0,0,0,0,0,0,0,0,0,0,0,17,0,0,0,0,0,0,0,0,0,223,0,0,0,0,0,0,0,0,0,19,0,0,0,0,0,0,0,0,0,0,0,0,0,0
MayorOfLondon,135,386,0,0,0,154,0,0,0,0,380,193,21,101,315,0,0,0,0,0,0,135,0,0,0,95,0,0,0,0,0,51,0,0,0,0,0,0,0,0,0,0,0,0,0,0,0,0,51,347,0,0,0,0,0,0,0,0,0,0,0,0,0,58
Norfolk,80,185,0,0,0,0,69,0,0,11,63,0,105,0,17,0,0,0,11,0,0,0,0,0,0,80,0,11,11,0,0,80,0,0,0,0,0,0,10,0,0,0,0,11,0,0,0,0,179,141,0,105,0,0,0,0,0,0,80,19,0,0,0,0
Oxford,0,119,0,0,0,0,0,52,0,94,0,0,119,0,17,0,0,0,94,0,0,0,0,0,0,0,0,119,119,0,0,0,0,0,0,0,0,0,0,0,0,0,11,0,0,0,0,0,35,64,0,64,55,0,0,0,0,0,29,0,0,0,0,0
PrinceEdward,0,8,0,0,0,0,0,0,0,0,0,0,8,0,0,0,0,0,0,0,0,0,0,0,0,0,0,8,0,0,0,0,0,0,0,0,0,0,0,0,0,0,0,0,0,0,0,0,0,8,0,8,0,0,0,0,0,0,0,0,0,0,0,0
Pursuivant,0,13,0,0,0,0,0,0,0,0,0,0,0,0,1,0,0,0,0,0,0,0,0,0,0,13,0,0,0,0,0,0,0,0,0,0,0,0,0,0,0,0,0,0,0,0,0,0,0,0,0,0,0,0,0,0,0,0,1,0,0,0,0,0
QueenElizabeth,314,554,0,0,80,0,0,0,17,0,510,0,554,0,319,0,116,226,706,502,137,0,0,0,480,485,0,0,0,0,110,0,0,0,0,0,40,0,0,0,0,0,0,0,0,0,0,329,137,752,596,0,0,137,0,0,0,0,494,0,0,0,137,80
QueenMargaret,0,129,0,0,0,0,0,0,0,0,209,0,129,0,0,0,0,0,209,120,0,0,0,0,209,209,0,0,0,0,0,0,0,0,0,0,0,0,0,0,0,0,0,0,0,0,329,0,0,209,209,0,0,0,0,0,0,0,209,0,0,0,0,0
Ratcliffe,317,632,44,0,0,0,69,0,0,35,356,0,410,0,111,0,47,47,172,47,90,0,0,26,116,246,0,52,35,0,0,319,42,37,34,21,0,0,10,0,0,51,179,35,0,0,137,0,0,683,163,159,0,90,0,0,0,0,286,19,17,26,90,0
RichardIII,747,1439,44,0,0,154,35,0,78,64,1084,154,911,119,789,87,47,47,502,113,90,162,213,291,398,603,220,186,64,0,220,252,42,37,34,21,0,0,10,19,19,347,141,64,8,0,752,209,683,0,445,293,0,90,0,0,0,0,578,19,33,7,90,67
Rivers,0,33,0,0,0,0,0,0,0,0,510,0,7,0,5,0,116,116,596,116,137,0,0,26,513,485,0,7,0,0,0,0,0,0,0,0,0,0,0,0,0,0,0,0,0,0,596,209,163,445,0,7,0,137,0,0,0,0,413,0,0,33,137,0
SOLDIERS.RICHARD,0,299,0,0,0,0,0,0,0,64,11,0,299,0,23,9,0,0,64,0,0,9,0,0,7,5,7,186,64,0,9,0,0,0,0,0,0,0,10,0,0,0,105,64,8,0,0,0,159,293,7,0,0,0,0,0,0,0,29,19,0,7,0,9
SOLDIERS.RICHMOND,0,96,0,41,0,0,0,52,0,30,0,0,96,0,0,0,0,0,30,0,0,0,0,0,0,0,0,96,55,0,0,0,0,0,0,0,0,0,0,0,0,0,0,55,0,0,0,0,0,0,0,0,0,0,0,0,0,0,41,0,0,0,0,0
Scales,0,0,0,0,0,0,0,0,0,0,137,0,0,0,0,0,0,0,137,0,137,0,0,0,137,137,0,0,0,0,0,0,0,0,0,0,0,0,0,0,0,0,0,0,0,0,137,0,90,90,137,0,0,0,0,0,0,0,40,0,0,0,137,0
Scrivener,0,14,0,0,0,0,0,0,0,0,0,0,0,0,0,0,0,0,0,0,0,0,0,0,0,0,0,0,0,0,0,0,0,0,0,0,0,0,0,0,0,0,0,0,0,0,0,0,0,0,0,0,0,0,0,0,0,0,0,0,0,0,0,0
Sheriff,0,30,0,0,0,0,0,0,0,0,30,0,30,0,0,0,0,0,0,0,0,0,0,30,0,0,0,0,0,0,0,0,0,0,0,0,0,0,0,0,0,0,0,0,0,0,0,0,0,0,0,0,0,0,0,0,0,0,0,0,0,0,0,0
SirChristopher,0,21,0,0,0,0,0,0,0,0,0,0,21,0,0,0,0,0,0,0,0,0,0,0,0,0,0,0,0,0,0,0,0,0,0,0,0,0,0,0,0,0,0,0,0,0,0,0,0,0,0,0,0,0,0,0,0,0,21,0,0,0,0,0
SirJohn,0,5,0,0,0,0,0,0,0,0,0,0,0,0,0,0,0,0,0,0,0,0,0,0,0,5,0,0,0,0,0,0,0,0,0,0,0,0,0,0,0,0,0,0,0,0,0,0,0,0,0,0,0,0,0,0,0,0,0,0,0,0,0,0
Stanley,199,394,0,41,0,0,69,0,0,29,514,0,291,0,42,0,47,128,523,128,40,0,0,0,366,491,0,70,29,0,81,155,0,0,0,0,0,0,0,0,0,0,80,29,0,1,494,209,286,578,413,29,41,40,0,0,21,0,0,0,17,0,40,0
Surrey,0,19,0,0,0,0,0,0,0,0,0,0,19,0,0,0,0,0,0,0,0,0,0,0,0,0,0,0,0,0,0,0,0,0,0,0,0,0,0,0,0,0,19,0,0,0,0,0,19,19,0,19,0,0,0,0,0,0,0,0,0,0,0,0
Tyrrel,17,56,0,0,0,0,0,0,0,0,0,0,56,0,0,0,0,0,0,0,0,0,0,0,0,0,0,0,0,0,0,17,0,0,0,0,0,0,0,0,0,0,0,0,0,0,0,0,17,33,0,0,0,0,0,0,0,0,17,0,0,0,0,0
Vaughan,0,33,0,0,0,0,0,0,0,0,0,0,7,0,0,0,0,0,0,0,0,0,0,26,33,0,0,7,0,0,0,0,0,0,0,0,0,0,0,0,0,0,0,0,0,0,0,0,26,7,33,7,0,0,0,0,0,0,0,0,0,0,0,0
Woodeville,0,0,0,0,0,0,0,0,0,0,137,0,0,0,0,0,0,0,137,0,137,0,0,0,137,137,0,0,0,0,0,0,0,0,0,0,0,0,0,0,0,0,0,0,0,0,137,0,90,90,137,0,0,137,0,0,0,0,40,0,0,0,0,0
York,58,67,0,0,80,0,0,0,0,0,58,0,9,58,58,0,0,0,0,80,0,67,0,0,0,58,0,9,0,0,0,0,0,0,0,0,40,0,0,0,0,58,0,0,0,0,80,0,0,67,0,9,0,0,0,0,0,0,0,0,0,0,0,0