,ATTENDANTS,ATTENDANTS.1,Arcite,Artesius,Boy,Brother,COUNTRYMEN,COUNTRYWOMEN,Daughter,Doctor,Emilia,Epilogue,Executioner,FRIENDS.1,FRIENDS.2,GUARDS,Herald,Hippolyta,Hymen,Jailer,KNIGHTS.ARCITE,KNIGHTS.PALAMON,MAIDS,MESSENGERS.X.1,MESSENGERS.X.2,MESSENGERS.X.3,Maid,NYMPHS,OTHERS,Palamon,Pirithous,Prologue,QUEENS.1,QUEENS.2,QUEENS.3,SOLDIERS,SOLDIERS.0,Schoolmaster,Servant,Taborer,Theseus,Valerius,Woman,Wooer
ATTENDANTS,0.0,115.0,475.0,251.0,264.0,0.0,22.0,22.0,22.0,0.0,899.0,20.0,59.0,0.0,0.0,59.0,41.0,919.0,264.0,59.0,12.0,71.0,0.0,103.0,0.0,59.0,0.0,264.0,0.0,320.0,919.0,0.0,255.0,255.0,255.0,56.0,716.0,67.0,47.0,0.0,975.0,0.0,0.0,0.0
ATTENDANTS.1,115.0,0.0,0.0,0.0,0.0,0.0,0.0,0.0,0.0,0.0,128.0,0.0,0.0,0.0,0.0,0.0,0.0,115.0,0.0,0.0,0.0,0.0,0.0,103.0,0.0,0.0,0.0,0.0,0.0,0.0,115.0,0.0,0.0,0.0,0.0,0.0,128.0,0.0,0.0,0.0,115.0,0.0,0.0,0.0
Arcite,475.0,0.0,0.0,0.0,0.0,0.0,70.0,0.0,9.0,0.0,464.0,20.0,59.0,0.0,0.0,59.0,41.0,414.0,0.0,78.0,68.0,91.0,0.0,0.0,0.0,59.0,0.0,0.0,0.0,1130.0,414.0,0.0,0.0,0.0,0.0,41.0,1325.0,0.0,47.0,0.0,455.0,42.0,62.0,9.0
Artesius,251.0,0.0,0.0,0.0,251.0,0.0,0.0,0.0,0.0,0.0,251.0,0.0,0.0,0.0,0.0,0.0,0.0,251.0,251.0,0.0,0.0,0.0,0.0,0.0,0.0,0.0,0.0,251.0,0.0,0.0,251.0,0.0,227.0,227.0,227.0,0.0,0.0,0.0,0.0,0.0,251.0,0.0,0.0,0.0
Boy,264.0,0.0,0.0,251.0,0.0,0.0,0.0,0.0,0.0,0.0,264.0,0.0,0.0,0.0,0.0,0.0,0.0,264.0,264.0,0.0,0.0,0.0,0.0,0.0,0.0,0.0,0.0,264.0,0.0,0.0,264.0,0.0,240.0,240.0,240.0,0.0,0.0,0.0,0.0,0.0,264.0,0.0,0.0,0.0
Brother,0.0,0.0,0.0,0.0,0.0,0.0,0.0,0.0,74.0,0.0,0.0,0.0,0.0,74.0,74.0,0.0,0.0,0.0,0.0,74.0,0.0,0.0,0.0,0.0,0.0,0.0,0.0,0.0,74.0,0.0,0.0,0.0,0.0,0.0,0.0,0.0,74.0,0.0,0.0,0.0,0.0,0.0,0.0,74.0
COUNTRYMEN,22.0,0.0,70.0,0.0,0.0,0.0,0.0,107.0,64.0,0.0,22.0,0.0,0.0,0.0,0.0,0.0,0.0,22.0,0.0,0.0,0.0,0.0,0.0,0.0,0.0,0.0,0.0,0.0,0.0,0.0,22.0,0.0,0.0,0.0,0.0,0.0,203.0,133.0,0.0,85.0,22.0,0.0,0.0,0.0
COUNTRYWOMEN,22.0,0.0,0.0,0.0,0.0,0.0,107.0,0.0,64.0,0.0,22.0,0.0,0.0,0.0,0.0,0.0,0.0,22.0,0.0,0.0,0.0,0.0,0.0,0.0,0.0,0.0,0.0,0.0,0.0,0.0,22.0,0.0,0.0,0.0,0.0,0.0,107.0,107.0,0.0,83.0,22.0,0.0,0.0,0.0
Daughter,22.0,0.0,9.0,0.0,0.0,74.0,64.0,64.0,0.0,166.0,22.0,0.0,0.0,74.0,74.0,0.0,0.0,22.0,0.0,268.0,0.0,0.0,0.0,0.0,12.0,0.0,115.0,0.0,74.0,9.0,22.0,0.0,0.0,0.0,0.0,0.0,488.0,64.0,0.0,40.0,22.0,0.0,0.0,284.0
Doctor,0.0,0.0,0.0,0.0,0.0,0.0,0.0,0.0,166.0,0.0,0.0,0.0,0.0,0.0,0.0,0.0,0.0,0.0,0.0,244.0,0.0,0.0,0.0,0.0,12.0,0.0,115.0,0.0,0.0,0.0,0.0,0.0,0.0,0.0,0.0,0.0,277.0,0.0,0.0,0.0,0.0,0.0,0.0,277.0
Emilia,899.0,128.0,464.0,251.0,264.0,0.0,22.0,22.0,22.0,0.0,0.0,0.0,59.0,0.0,0.0,59.0,0.0,1010.0,264.0,59.0,0.0,59.0,37.0,103.0,0.0,59.0,0.0,264.0,0.0,329.0,930.0,0.0,240.0,240.0,240.0,0.0,882.0,67.0,86.0,0.0,899.0,0.0,62.0,0.0
Epilogue,20.0,0.0,20.0,0.0,0.0,0.0,0.0,0.0,0.0,0.0,0.0,0.0,0.0,0.0,0.0,0.0,0.0,0.0,0.0,0.0,0.0,0.0,0.0,0.0,0.0,0.0,0.0,0.0,0.0,0.0,0.0,0.0,0.0,0.0,0.0,0.0,20.0,0.0,0.0,0.0,0.0,0.0,0.0,0.0
Executioner,59.0,0.0,59.0,0.0,0.0,0.0,0.0,0.0,0.0,0.0,59.0,0.0,0.0,0.0,0.0,160.0,0.0,59.0,0.0,160.0,0.0,160.0,0.0,0.0,0.0,111.0,0.0,0.0,0.0,160.0,110.0,0.0,0.0,0.0,0.0,0.0,160.0,0.0,0.0,0.0,59.0,0.0,0.0,0.0
FRIENDS.1,0.0,0.0,0.0,0.0,0.0,74.0,0.0,0.0,74.0,0.0,0.0,0.0,0.0,0.0,190.0,0.0,0.0,0.0,0.0,209.0,0.0,0.0,0.0,0.0,0.0,0.0,0.0,0.0,74.0,0.0,0.0,0.0,0.0,0.0,0.0,0.0,209.0,0.0,0.0,0.0,0.0,0.0,0.0,164.0
FRIENDS.2,0.0,0.0,0.0,0.0,0.0,74.0,0.0,0.0,74.0,0.0,0.0,0.0,0.0,190.0,0.0,0.0,0.0,0.0,0.0,190.0,0.0,0.0,0.0,0.0,0.0,0.0,0.0,0.0,74.0,0.0,0.0,0.0,0.0,0.0,0.0,0.0,190.0,0.0,0.0,0.0,0.0,0.0,0.0,164.0
GUARDS,59.0,0.0,59.0,0.0,0.0,0.0,0.0,0.0,0.0,0.0,59.0,0.0,160.0,0.0,0.0,0.0,0.0,59.0,0.0,160.0,0.0,160.0,0.0,0.0,0.0,111.0,0.0,0.0,0.0,160.0,110.0,0.0,0.0,0.0,0.0,0.0,160.0,0.0,0.0,0.0,59.0,0.0,0.0,0.0
Herald,41.0,0.0,41.0,0.0,0.0,0.0,0.0,0.0,0.0,0.0,0.0,0.0,0.0,0.0,0.0,0.0,0.0,0.0,0.0,0.0,0.0,0.0,0.0,0.0,0.0,0.0,0.0,0.0,0.0,41.0,0.0,0.0,0.0,0.0,0.0,41.0,41.0,0.0,0.0,0.0,41.0,0.0,0.0,0.0
Hippolyta,919.0,115.0,414.0,251.0,264.0,0.0,22.0,22.0,22.0,0.0,1010.0,0.0,59.0,0.0,0.0,59.0,0.0,0.0,264.0,59.0,12.0,71.0,0.0,103.0,0.0,59.0,0.0,264.0,0.0,279.0,950.0,0.0,240.0,240.0,240.0,0.0,655.0,67.0,47.0,0.0,919.0,0.0,0.0,0.0
Hymen,264.0,0.0,0.0,251.0,264.0,0.0,0.0,0.0,0.0,0.0,264.0,0.0,0.0,0.0,0.0,0.0,0.0,264.0,0.0,0.0,0.0,0.0,0.0,0.0,0.0,0.0,0.0,264.0,0.0,0.0,264.0,0.0,240.0,240.0,240.0,0.0,0.0,0.0,0.0,0.0,264.0,0.0,0.0,0.0
Jailer,59.0,0.0,78.0,0.0,0.0,74.0,0.0,0.0,268.0,244.0,59.0,0.0,160.0,209.0,190.0,160.0,0.0,59.0,0.0,0.0,0.0,160.0,0.0,0.0,12.0,111.0,99.0,0.0,74.0,227.0,110.0,0.0,0.0,0.0,0.0,0.0,730.0,0.0,0.0,0.0,59.0,0.0,0.0,467.0
KNIGHTS.ARCITE,12.0,0.0,68.0,0.0,0.0,0.0,0.0,0.0,0.0,0.0,0.0,0.0,0.0,0.0,0.0,0.0,0.0,12.0,0.0,0.0,0.0,32.0,0.0,0.0,0.0,0.0,0.0,0.0,0.0,32.0,12.0,0.0,0.0,0.0,0.0,0.0,68.0,0.0,0.0,0.0,12.0,0.0,0.0,0.0
KNIGHTS.PALAMON,71.0,0.0,91.0,0.0,0.0,0.0,0.0,0.0,0.0,0.0,59.0,0.0,160.0,0.0,0.0,160.0,0.0,71.0,0.0,160.0,32.0,0.0,0.0,0.0,0.0,111.0,0.0,0.0,0.0,261.0,122.0,0.0,0.0,0.0,0.0,0.0,261.0,0.0,0.0,0.0,71.0,0.0,0.0,0.0
MAIDS,0.0,0.0,0.0,0.0,0.0,0.0,0.0,0.0,0.0,0.0,37.0,0.0,0.0,0.0,0.0,0.0,0.0,0.0,0.0,0.0,0.0,0.0,0.0,0.0,0.0,0.0,0.0,0.0,0.0,0.0,0.0,0.0,0.0,0.0,0.0,0.0,37.0,0.0,0.0,0.0,0.0,0.0,0.0,0.0
MESSENGERS.X.1,103.0,103.0,0.0,0.0,0.0,0.0,0.0,0.0,0.0,0.0,103.0,0.0,0.0,0.0,0.0,0.0,0.0,103.0,0.0,0.0,0.0,0.0,0.0,0.0,0.0,0.0,0.0,0.0,0.0,0.0,103.0,0.0,0.0,0.0,0.0,0.0,103.0,0.0,0.0,0.0,103.0,0.0,0.0,0.0
MESSENGERS.X.2,0.0,0.0,0.0,0.0,0.0,0.0,0.0,0.0,12.0,12.0,0.0,0.0,0.0,0.0,0.0,0.0,0.0,0.0,0.0,12.0,0.0,0.0,0.0,0.0,0.0,0.0,12.0,0.0,0.0,0.0,0.0,0.0,0.0,0.0,0.0,0.0,12.0,0.0,0.0,0.0,0.0,0.0,0.0,12.0
MESSENGERS.X.3,59.0,0.0,59.0,0.0,0.0,0.0,0.0,0.0,0.0,0.0,59.0,0.0,111.0,0.0,0.0,111.0,0.0,59.0,0.0,111.0,0.0,111.0,0.0,0.0,0.0,0.0,0.0,0.0,0.0,111.0,110.0,0.0,0.0,0.0,0.0,0.0,111.0,0.0,0.0,0.0,59.0,0.0,0.0,0.0
Maid,0.0,0.0,0.0,0.0,0.0,0.0,0.0,0.0,115.0,115.0,0.0,0.0,0.0,0.0,0.0,0.0,0.0,0.0,0.0,99.0,0.0,0.0,0.0,0.0,12.0,0.0,0.0,0.0,0.0,0.0,0.0,0.0,0.0,0.0,0.0,0.0,115.0,0.0,0.0,0.0,0.0,0.0,0.0,115.0
NYMPHS,264.0,0.0,0.0,251.0,264.0,0.0,0.0,0.0,0.0,0.0,264.0,0.0,0.0,0.0,0.0,0.0,0.0,264.0,264.0,0.0,0.0,0.0,0.0,0.0,0.0,0.0,0.0,0.0,0.0,0.0,264.0,0.0,240.0,240.0,240.0,0.0,0.0,0.0,0.0,0.0,264.0,0.0,0.0,0.0
OTHERS,0.0,0.0,0.0,0.0,0.0,74.0,0.0,0.0,74.0,0.0,0.0,0.0,0.0,74.0,74.0,0.0,0.0,0.0,0.0,74.0,0.0,0.0,0.0,0.0,0.0,0.0,0.0,0.0,0.0,0.0,0.0,0.0,0.0,0.0,0.0,0.0,74.0,0.0,0.0,0.0,0.0,0.0,0.0,74.0
Palamon,320.0,0.0,1130.0,0.0,0.0,0.0,0.0,0.0,9.0,0.0,329.0,0.0,160.0,0.0,0.0,160.0,41.0,279.0,0.0,227.0,32.0,261.0,0.0,0.0,0.0,111.0,0.0,0.0,0.0,0.0,330.0,0.0,0.0,0.0,0.0,41.0,1251.0,0.0,0.0,0.0,320.0,42.0,62.0,9.0
Pirithous,919.0,115.0,414.0,251.0,264.0,0.0,22.0,22.0,22.0,0.0,930.0,0.0,110.0,0.0,0.0,110.0,0.0,950.0,264.0,110.0,12.0,122.0,0.0,103.0,0.0,110.0,0.0,264.0,0.0,330.0,0.0,0.0,240.0,240.0,240.0,0.0,706.0,67.0,47.0,0.0,919.0,0.0,0.0,0.0
Prologue,0.0,0.0,0.0,0.0,0.0,0.0,0.0,0.0,0.0,0.0,0.0,0.0,0.0,0.0,0.0,0.0,0.0,0.0,0.0,0.0,0.0,0.0,0.0,0.0,0.0,0.0,0.0,0.0,0.0,0.0,0.0,0.0,0.0,0.0,0.0,0.0,0.0,0.0,0.0,0.0,0.0,0.0,0.0,0.0
QUEENS.1,255.0,0.0,0.0,227.0,240.0,0.0,0.0,0.0,0.0,0.0,240.0,0.0,0.0,0.0,0.0,0.0,0.0,240.0,240.0,0.0,0.0,0.0,0.0,0.0,0.0,0.0,0.0,240.0,0.0,0.0,240.0,0.0,0.0,284.0,284.0,15.0,18.0,0.0,0.0,0.0,266.0,0.0,0.0,0.0
QUEENS.2,255.0,0.0,0.0,227.0,240.0,0.0,0.0,0.0,0.0,0.0,240.0,0.0,0.0,0.0,0.0,0.0,0.0,240.0,240.0,0.0,0.0,0.0,0.0,0.0,0.0,0.0,0.0,240.0,0.0,0.0,240.0,0.0,284.0,0.0,284.0,15.0,18.0,0.0,0.0,0.0,266.0,0.0,0.0,0.0
QUEENS.3,255.0,0.0,0.0,227.0,240.0,0.0,0.0,0.0,0.0,0.0,240.0,0.0,0.0,0.0,0.0,0.0,0.0,240.0,240.0,0.0,0.0,0.0,0.0,0.0,0.0,0.0,0.0,240.0,0.0,0.0,240.0,0.0,284.0,284.0,0.0,15.0,18.0,0.0,0.0,0.0,266.0,0.0,0.0,0.0
SOLDIERS,56.0,0.0,41.0,0.0,0.0,0.0,0.0,0.0,0.0,0.0,0.0,0.0,0.0,0.0,0.0,0.0,41.0,0.0,0.0,0.0,0.0,0.0,0.0,0.0,0.0,0.0,0.0,0.0,0.0,41.0,0.0,0.0,15.0,15.0,15.0,0.0,41.0,0.0,0.0,0.0,56.0,0.0,0.0,0.0
SOLDIERS.0,716.0,128.0,1325.0,0.0,0.0,74.0,203.0,107.0,488.0,277.0,882.0,20.0,160.0,209.0,190.0,160.0,41.0,655.0,0.0,730.0,68.0,261.0,37.0,103.0,12.0,111.0,115.0,0.0,74.0,1251.0,706.0,0.0,18.0,18.0,18.0,41.0,0.0,179.0,86.0,85.0,696.0,0.0,62.0,500.0
Schoolmaster,67.0,0.0,0.0,0.0,0.0,0.0,133.0,107.0,64.0,0.0,67.0,0.0,0.0,0.0,0.0,0.0,0.0,67.0,0.0,0.0,0.0,0.0,0.0,0.0,0.0,0.0,0.0,0.0,0.0,0.0,67.0,0.0,0.0,0.0,0.0,0.0,179.0,0.0,0.0,85.0,67.0,0.0,0.0,0.0
Servant,47.0,0.0,47.0,0.0,0.0,0.0,0.0,0.0,0.0,0.0,86.0,0.0,0.0,0.0,0.0,0.0,0.0,47.0,0.0,0.0,0.0,0.0,0.0,0.0,0.0,0.0,0.0,0.0,0.0,0.0,47.0,0.0,0.0,0.0,0.0,0.0,86.0,0.0,0.0,0.0,47.0,0.0,0.0,0.0
Taborer,0.0,0.0,0.0,0.0,0.0,0.0,85.0,83.0,40.0,0.0,0.0,0.0,0.0,0.0,0.0,0.0,0.0,0.0,0.0,0.0,0.0,0.0,0.0,0.0,0.0,0.0,0.0,0.0,0.0,0.0,0.0,0.0,0.0,0.0,0.0,0.0,85.0,85.0,0.0,0.0,0.0,0.0,0.0,0.0
Theseus,975.0,115.0,455.0,251.0,264.0,0.0,22.0,22.0,22.0,0.0,899.0,0.0,59.0,0.0,0.0,59.0,41.0,919.0,264.0,59.0,12.0,71.0,0.0,103.0,0.0,59.0,0.0,264.0,0.0,320.0,919.0,0.0,266.0,266.0,266.0,56.0,696.0,67.0,47.0,0.0,0.0,0.0,0.0,0.0
Valerius,0.0,0.0,42.0,0.0,0.0,0.0,0.0,0.0,0.0,0.0,0.0,0.0,0.0,0.0,0.0,0.0,0.0,0.0,0.0,0.0,0.0,0.0,0.0,0.0,0.0,0.0,0.0,0.0,0.0,42.0,0.0,0.0,0.0,0.0,0.0,0.0,0.0,0.0,0.0,0.0,0.0,0.0,0.0,0.0
Woman,0.0,0.0,62.0,0.0,0.0,0.0,0.0,0.0,0.0,0.0,62.0,0.0,0.0,0.0,0.0,0.0,0.0,0.0,0.0,0.0,0.0,0.0,0.0,0.0,0.0,0.0,0.0,0.0,0.0,62.0,0.0,0.0,0.0,0.0,0.0,0.0,62.0,0.0,0.0,0.0,0.0,0.0,0.0,0.0
Wooer,0.0,0.0,9.0,0.0,0.0,74.0,0.0,0.0,284.0,277.0,0.0,0.0,0.0,164.0,164.0,0.0,0.0,0.0,0.0,467.0,0.0,0.0,0.0,0.0,12.0,0.0,115.0,0.0,74.0,9.0,0.0,0.0,0.0,0.0,0.0,0.0,500.0,0.0,0.0,0.0,0.0,0.0,0.0,0.0
